0	0	0	50	36
1	0	0	50	27
2	0	0	50	27
3	0	0	50	45
4	0	0	50	27
5	0	0	50	27
6	0	0	70	27
7	0	0	50	27
8	0	0	50	36
9	0	0	50	27
10	0	0	50	27
11	0	0	50	45
12	0	0	50	27
13	0	0	50	27
14	0	0	70	27
15	0	0	50	27
16	0	0	50	36
17	0	0	50	27
18	0	0	50	27
19	0	0	50	45
20	0	0	50	27
21	0	0	50	27
22	0	0	70	27
23	0	0	50	27
24	0	0	50	36
25	0	0	50	27
26	0	0	50	27
27	0	0	50	45
28	0	0	50	27
29	0	0	50	27
30	0	0	70	27
31	0	0	50	27
32	0	0	50	36
33	0	0	50	27
34	0	0	50	27
35	0	0	50	45
36	0	0	50	27
37	0	0	50	27
38	0	0	70	27
39	0	0	50	27
0	1	0	50	36
1	1	0	50	27
2	1	0	50	27
3	1	0	50	45
4	1	0	50	27
5	1	0	50	27
6	1	0	70	27
7	1	0	50	27
8	1	0	50	36
9	1	0	50	27
10	1	0	50	27
11	1	0	50	45
12	1	0	50	27
13	1	0	50	27
14	1	0	70	27
15	1	0	50	27
16	1	0	50	36
17	1	0	50	27
18	1	0	50	27
19	1	0	50	45
20	1	0	50	27
21	1	0	50	27
22	1	0	70	27
23	1	0	50	27
24	1	0	50	36
25	1	0	50	27
26	1	0	50	27
27	1	0	50	45
28	1	0	50	27
29	1	0	50	27
30	1	0	70	27
31	1	0	50	27
32	1	0	50	36
33	1	0	50	27
34	1	0	50	27
35	1	0	50	45
36	1	0	50	27
37	1	0	50	27
38	1	0	70	27
39	1	0	50	27
0	2	0	50	36
1	2	0	50	27
2	2	0	50	27
3	2	0	50	45
4	2	0	50	27
5	2	0	50	27
6	2	0	70	27
7	2	0	50	27
8	2	0	50	36
9	2	0	50	27
10	2	0	50	27
11	2	0	50	45
12	2	0	50	27
13	2	0	50	27
14	2	0	70	27
15	2	0	50	27
16	2	0	50	36
17	2	0	50	27
18	2	0	50	27
19	2	0	50	45
20	2	0	50	27
21	2	0	50	27
22	2	0	70	27
23	2	0	50	27
24	2	0	50	36
25	2	0	50	27
26	2	0	50	27
27	2	0	50	45
28	2	0	50	27
29	2	0	50	27
30	2	0	70	27
31	2	0	50	27
32	2	0	50	36
33	2	0	50	27
34	2	0	50	27
35	2	0	50	45
36	2	0	50	27
37	2	0	50	27
38	2	0	70	27
39	2	0	50	27
0	3	0	50	36
1	3	0	50	27
2	3	0	50	27
3	3	0	50	45
4	3	0	50	27
5	3	0	50	54
6	3	0	50	27
7	3	0	50	45
8	3	0	70	45
9	3	0	70	45
10	3	0	70	54
11	3	0	70	36
12	3	0	50	36
13	3	0	70	54
14	3	0	70	36
15	3	0	70	54
16	3	0	70	45
17	3	0	50	45
18	3	0	70	36
19	3	0	50	45
20	3	0	70	54
21	3	0	50	54
22	3	0	50	45
23	3	0	70	27
24	3	0	70	54
25	3	0	70	27
26	3	0	70	27
27	3	0	50	27
28	3	0	70	45
29	3	0	70	54
30	3	0	50	45
31	3	0	70	54
32	3	0	70	45
33	3	0	70	27
34	3	0	70	54
35	3	0	70	36
36	3	0	50	45
37	3	0	50	45
38	3	0	70	54
39	3	0	50	54
0	4	0	70	36
1	4	0	50	27
2	4	0	70	54
3	4	0	50	54
4	4	0	70	36
5	4	0	50	45
6	4	0	70	27
7	4	0	50	36
8	4	0	70	36
9	4	0	70	27
10	4	0	50	36
11	4	0	70	36
12	4	0	50	27
13	4	0	70	45
14	4	0	70	27
15	4	0	70	54
16	4	0	70	36
17	4	0	70	36
18	4	0	70	36
19	4	0	70	54
20	4	0	70	27
21	4	0	50	54
22	4	0	50	36
23	4	0	50	45
24	4	0	70	36
25	4	0	70	27
26	4	0	50	54
27	4	0	70	27
28	4	0	70	54
29	4	0	70	45
30	4	0	70	45
31	4	0	50	27
32	4	0	70	45
33	4	0	70	36
34	4	0	70	36
35	4	0	50	45
36	4	0	70	54
37	4	0	50	45
38	4	0	70	27
39	4	0	50	54
0	5	0	70	36
1	5	0	50	54
2	5	0	50	36
3	5	0	50	54
4	5	0	50	36
5	5	0	50	45
6	5	0	70	54
7	5	0	50	54
8	5	0	70	45
9	5	0	70	27
10	5	0	70	36
11	5	0	70	45
12	5	0	50	27
13	5	0	50	54
14	5	0	50	36
15	5	0	50	54
16	5	0	70	36
17	5	0	70	36
18	5	0	50	54
19	5	0	50	54
20	5	0	70	36
21	5	0	50	54
22	5	0	70	45
23	5	0	70	36
24	5	0	70	36
25	5	0	50	27
26	5	0	70	54
27	5	0	50	54
28	5	0	70	54
29	5	0	70	54
30	5	0	50	45
31	5	0	50	54
32	5	0	70	45
33	5	0	70	27
34	5	0	50	36
35	5	0	70	27
36	5	0	50	45
37	5	0	70	54
38	5	0	70	45
39	5	0	50	54
0	6	0	70	45
1	6	0	70	36
2	6	0	70	54
3	6	0	70	36
4	6	0	50	45
5	6	0	50	54
6	6	0	50	45
7	6	0	70	27
8	6	0	70	36
9	6	0	70	36
10	6	0	70	36
11	6	0	50	54
12	6	0	50	54
13	6	0	70	45
14	6	0	70	54
15	6	0	70	36
16	6	0	70	45
17	6	0	50	27
18	6	0	50	36
19	6	0	50	54
20	6	0	50	45
21	6	0	50	45
22	6	0	70	27
23	6	0	50	54
24	6	0	70	36
25	6	0	50	54
26	6	0	50	36
27	6	0	50	54
28	6	0	50	36
29	6	0	50	45
30	6	0	70	54
31	6	0	50	54
32	6	0	70	45
33	6	0	70	27
34	6	0	70	36
35	6	0	70	45
36	6	0	50	27
37	6	0	50	54
38	6	0	50	27
39	6	0	50	27
0	7	0	70	45
1	7	0	70	36
2	7	0	70	36
3	7	0	50	54
4	7	0	70	36
5	7	0	50	54
6	7	0	70	45
7	7	0	70	36
8	7	0	70	36
9	7	0	50	27
10	7	0	70	54
11	7	0	50	54
12	7	0	70	54
13	7	0	70	54
14	7	0	50	36
15	7	0	50	27
16	7	0	70	45
17	7	0	50	45
18	7	0	70	54
19	7	0	50	54
20	7	0	50	36
21	7	0	50	45
22	7	0	70	54
23	7	0	50	54
24	7	0	70	45
25	7	0	70	36
26	7	0	70	36
27	7	0	50	45
28	7	0	70	36
29	7	0	50	45
30	7	0	70	45
31	7	0	70	45
32	7	0	70	54
33	7	0	70	45
34	7	0	50	36
35	7	0	50	54
36	7	0	50	36
37	7	0	50	45
38	7	0	70	54
39	7	0	50	54
0	8	0	70	54
1	8	0	50	27
2	8	0	70	54
3	8	0	50	54
4	8	0	50	36
5	8	0	70	45
6	8	0	70	27
7	8	0	50	54
8	8	0	70	36
9	8	0	50	54
10	8	0	50	36
11	8	0	50	54
12	8	0	50	36
13	8	0	50	45
14	8	0	70	54
15	8	0	50	54
16	8	0	70	45
17	8	0	70	27
18	8	0	70	36
19	8	0	70	45
20	8	0	50	27
21	8	0	50	45
22	8	0	70	54
23	8	0	70	45
24	8	0	70	54
25	8	0	70	54
26	8	0	50	54
27	8	0	70	36
28	8	0	50	54
29	8	0	70	54
30	8	0	50	45
31	8	0	50	54
32	8	0	70	36
33	8	0	70	45
34	8	0	70	36
35	8	0	70	54
36	8	0	50	45
37	8	0	70	45
38	8	0	70	27
39	8	0	50	54
0	9	0	70	36
1	9	0	70	54
2	9	0	70	54
3	9	0	50	45
4	9	0	50	27
5	9	0	70	45
6	9	0	70	45
7	9	0	50	36
8	9	0	50	27
9	9	0	50	54
10	9	0	50	45
11	9	0	50	45
12	9	0	50	27
13	9	0	50	27
14	9	0	70	27
15	9	0	50	27
16	9	0	50	36
17	9	0	50	27
18	9	0	50	27
19	9	0	50	45
20	9	0	50	27
21	9	0	50	27
22	9	0	70	27
23	9	0	50	27
24	9	0	50	36
25	9	0	50	27
26	9	0	50	27
27	9	0	50	45
28	9	0	50	27
29	9	0	50	27
30	9	0	70	27
31	9	0	50	27
32	9	0	50	36
33	9	0	50	27
34	9	0	50	27
35	9	0	50	45
36	9	0	50	27
37	9	0	50	54
38	9	0	50	45
39	9	0	70	27
0	10	0	70	54
1	10	0	70	45
2	10	0	50	36
3	10	0	70	36
4	10	0	50	54
5	10	0	70	54
6	10	0	50	45
7	10	0	50	54
8	10	0	70	45
9	10	0	70	36
10	10	0	50	36
11	10	0	50	54
12	10	0	70	36
13	10	0	70	45
14	10	0	70	27
15	10	0	50	54
16	10	0	70	36
17	10	0	70	45
18	10	0	70	36
19	10	0	50	45
20	10	0	50	27
21	10	0	70	45
22	10	0	70	45
23	10	0	50	27
24	10	0	70	45
25	10	0	50	54
26	10	0	70	36
27	10	0	70	45
28	10	0	50	27
29	10	0	70	54
30	10	0	50	36
31	10	0	50	27
32	10	0	70	45
33	10	0	70	36
34	10	0	50	54
35	10	0	70	27
36	10	0	70	27
37	10	0	50	54
38	10	0	70	54
39	10	0	70	36
0	11	0	70	45
1	11	0	50	45
2	11	0	70	36
3	11	0	50	45
4	11	0	50	27
5	11	0	70	54
6	11	0	50	36
7	11	0	70	45
8	11	0	70	54
9	11	0	50	27
10	11	0	50	54
11	11	0	70	27
12	11	0	70	27
13	11	0	70	54
14	11	0	70	36
15	11	0	70	36
16	11	0	70	36
17	11	0	50	27
18	11	0	70	54
19	11	0	50	54
20	11	0	70	36
21	11	0	50	54
22	11	0	50	36
23	11	0	70	45
24	11	0	70	36
25	11	0	50	45
26	11	0	70	36
27	11	0	70	27
28	11	0	70	27
29	11	0	50	54
30	11	0	50	36
31	11	0	50	54
32	11	0	70	45
33	11	0	50	36
34	11	0	50	36
35	11	0	50	54
36	11	0	50	27
37	11	0	70	45
38	11	0	70	45
39	11	0	70	45
0	12	0	70	54
1	12	0	70	45
2	12	0	50	36
3	12	0	50	54
4	12	0	50	36
5	12	0	50	45
6	12	0	70	54
7	12	0	50	54
8	12	0	70	45
9	12	0	70	36
10	12	0	70	36
11	12	0	70	36
12	12	0	50	36
13	12	0	50	45
14	12	0	70	54
15	12	0	50	45
16	12	0	70	54
17	12	0	70	36
18	12	0	50	54
19	12	0	50	45
20	12	0	50	36
21	12	0	70	45
22	12	0	70	54
23	12	0	70	54
24	12	0	70	45
25	12	0	70	27
26	12	0	70	54
27	12	0	70	45
28	12	0	70	36
29	12	0	70	54
30	12	0	50	27
31	12	0	70	36
32	12	0	70	54
33	12	0	70	27
34	12	0	70	54
35	12	0	70	36
36	12	0	50	36
37	12	0	70	54
38	12	0	50	45
39	12	0	50	36
0	13	0	70	36
1	13	0	70	54
2	13	0	50	54
3	13	0	50	54
4	13	0	70	36
5	13	0	70	45
6	13	0	70	45
7	13	0	70	45
8	13	0	70	54
9	13	0	70	45
10	13	0	50	36
11	13	0	50	54
12	13	0	50	36
13	13	0	50	45
14	13	0	70	54
15	13	0	50	54
16	13	0	70	45
17	13	0	70	27
18	13	0	50	36
19	13	0	70	27
20	13	0	50	45
21	13	0	70	45
22	13	0	70	54
23	13	0	50	45
24	13	0	70	54
25	13	0	70	36
26	13	0	50	54
27	13	0	50	45
28	13	0	50	36
29	13	0	70	45
30	13	0	70	54
31	13	0	70	54
32	13	0	70	36
33	13	0	70	36
34	13	0	50	36
35	13	0	50	45
36	13	0	70	36
37	13	0	70	45
38	13	0	70	45
39	13	0	50	45
0	14	0	70	36
1	14	0	70	45
2	14	0	70	54
3	14	0	70	27
4	14	0	70	54
5	14	0	70	45
6	14	0	70	45
7	14	0	50	27
8	14	0	70	36
9	14	0	70	45
10	14	0	70	36
11	14	0	70	54
12	14	0	50	45
13	14	0	70	45
14	14	0	70	27
15	14	0	50	54
16	14	0	70	36
17	14	0	70	54
18	14	0	70	54
19	14	0	50	45
20	14	0	50	27
21	14	0	70	45
22	14	0	70	45
23	14	0	50	36
24	14	0	50	27
25	14	0	50	54
26	14	0	50	45
27	14	0	50	45
28	14	0	50	27
29	14	0	50	27
30	14	0	70	27
31	14	0	50	27
32	14	0	50	36
33	14	0	50	27
34	14	0	50	27
35	14	0	50	45
36	14	0	50	27
37	14	0	50	27
38	14	0	70	27
39	14	0	50	27
0	15	0	50	36
1	15	0	50	27
2	15	0	50	27
3	15	0	50	45
4	15	0	50	27
5	15	0	50	27
6	15	0	70	27
7	15	0	50	27
8	15	0	50	36
9	15	0	50	27
10	15	0	50	27
11	15	0	50	45
12	15	0	50	27
13	15	0	50	27
14	15	0	70	27
15	15	0	50	27
16	15	0	50	36
17	15	0	50	27
18	15	0	50	27
19	15	0	50	45
20	15	0	50	27
21	15	0	50	27
22	15	0	70	27
23	15	0	50	27
24	15	0	50	36
25	15	0	50	27
26	15	0	50	27
27	15	0	50	45
28	15	0	50	27
29	15	0	50	54
30	15	0	50	45
31	15	0	70	54
32	15	0	70	45
33	15	0	70	27
34	15	0	70	54
35	15	0	70	36
36	15	0	50	45
37	15	0	50	45
38	15	0	70	54
39	15	0	50	54
0	16	0	70	36
1	16	0	50	27
2	16	0	70	54
3	16	0	50	54
4	16	0	70	36
5	16	0	50	45
6	16	0	70	27
7	16	0	50	36
8	16	0	70	36
9	16	0	70	27
10	16	0	50	36
11	16	0	70	27
12	16	0	70	54
13	16	0	50	54
14	16	0	50	27
15	16	0	50	45
16	16	0	70	36
17	16	0	70	45
18	16	0	50	54
19	16	0	70	27
20	16	0	70	36
21	16	0	50	45
22	16	0	70	45
23	16	0	70	45
24	16	0	70	54
25	16	0	70	45
26	16	0	50	36
27	16	0	70	36
28	16	0	50	54
29	16	0	50	45
30	16	0	70	36
31	16	0	50	45
32	16	0	70	45
33	16	0	70	27
34	16	0	50	36
35	16	0	70	27
36	16	0	50	36
37	16	0	50	45
38	16	0	70	27
39	16	0	50	54
0	17	0	70	36
1	17	0	50	54
2	17	0	50	36
3	17	0	50	54
4	17	0	70	54
5	17	0	70	54
6	17	0	50	36
7	17	0	50	36
8	17	0	70	45
9	17	0	70	27
10	17	0	70	36
11	17	0	70	36
12	17	0	50	45
13	17	0	50	54
14	17	0	50	36
15	17	0	70	45
16	17	0	70	36
17	17	0	50	45
18	17	0	70	36
19	17	0	70	27
20	17	0	70	36
21	17	0	50	45
22	17	0	70	27
23	17	0	70	45
24	17	0	70	45
25	17	0	70	27
26	17	0	70	36
27	17	0	70	36
28	17	0	50	36
29	17	0	70	45
30	17	0	70	27
31	17	0	50	36
32	17	0	70	36
33	17	0	50	27
34	17	0	70	54
35	17	0	50	45
36	17	0	50	27
37	17	0	70	45
38	17	0	70	45
39	17	0	50	36
0	18	0	50	27
1	18	0	50	54
2	18	0	50	45
3	18	0	50	45
4	18	0	50	27
5	18	0	50	27
6	18	0	70	27
7	18	0	50	27
8	18	0	50	36
9	18	0	50	27
10	18	0	50	27
11	18	0	50	45
12	18	0	50	27
13	18	0	50	27
14	18	0	70	27
15	18	0	50	27
16	18	0	50	36
17	18	0	50	27
18	18	0	50	27
19	18	0	50	45
20	18	0	50	27
21	18	0	50	27
22	18	0	70	27
23	18	0	50	27
24	18	0	50	36
25	18	0	50	27
26	18	0	50	27
27	18	0	50	45
28	18	0	50	27
29	18	0	50	27
30	18	0	70	27
31	18	0	50	27
32	18	0	50	36
33	18	0	50	27
34	18	0	50	27
35	18	0	50	45
36	18	0	50	27
37	18	0	50	27
38	18	0	70	27
39	18	0	50	27
0	19	0	50	36
1	19	0	50	27
2	19	0	50	27
3	19	0	50	45
4	19	0	50	27
5	19	0	50	27
6	19	0	70	27
7	19	0	50	27
8	19	0	50	36
9	19	0	50	27
10	19	0	50	27
11	19	0	50	45
12	19	0	50	27
13	19	0	50	27
14	19	0	70	27
15	19	0	50	27
16	19	0	50	36
17	19	0	50	27
18	19	0	50	27
19	19	0	50	45
20	19	0	50	27
21	19	0	50	27
22	19	0	70	27
23	19	0	50	27
24	19	0	50	36
25	19	0	50	27
26	19	0	50	27
27	19	0	50	45
28	19	0	50	27
29	19	0	50	27
30	19	0	70	27
31	19	0	50	27
32	19	0	50	36
33	19	0	50	27
34	19	0	50	27
35	19	0	50	45
36	19	0	50	27
37	19	0	50	27
38	19	0	70	27
39	19	0	50	27
0	20	0	50	36
1	20	0	50	27
2	20	0	50	27
3	20	0	50	45
4	20	0	50	27
5	20	0	50	27
6	20	0	70	27
7	20	0	50	27
8	20	0	50	36
9	20	0	50	27
10	20	0	50	27
11	20	0	50	45
12	20	0	50	27
13	20	0	50	54
14	20	0	50	45
15	20	0	70	54
16	20	0	70	45
17	20	0	70	27
18	20	0	70	54
19	20	0	70	36
20	20	0	50	45
21	20	0	50	45
22	20	0	70	54
23	20	0	50	54
24	20	0	70	36
25	20	0	50	27
26	20	0	70	54
27	20	0	50	54
28	20	0	70	36
29	20	0	50	45
30	20	0	70	27
31	20	0	50	36
32	20	0	70	36
33	20	0	70	27
34	20	0	50	36
35	20	0	70	36
36	20	0	50	27
37	20	0	70	45
38	20	0	70	27
39	20	0	70	54
0	21	0	70	36
1	21	0	70	36
2	21	0	70	36
3	21	0	70	54
4	21	0	70	27
5	21	0	50	45
6	21	0	70	45
7	21	0	50	45
8	21	0	70	36
9	21	0	70	45
10	21	0	70	54
11	21	0	70	27
12	21	0	70	36
13	21	0	70	45
14	21	0	70	54
15	21	0	70	27
16	21	0	70	45
17	21	0	70	36
18	21	0	50	36
19	21	0	70	54
20	21	0	50	36
21	21	0	50	54
22	21	0	50	54
23	21	0	50	27
24	21	0	70	54
25	21	0	50	45
26	21	0	50	36
27	21	0	50	45
28	21	0	50	36
29	21	0	70	45
30	21	0	70	36
31	21	0	70	27
32	21	0	70	45
33	21	0	50	45
34	21	0	70	54
35	21	0	50	54
36	21	0	70	45
37	21	0	50	45
38	21	0	70	45
39	21	0	70	45
0	22	0	70	54
1	22	0	70	45
2	22	0	50	36
3	22	0	50	54
4	22	0	50	36
5	22	0	50	45
6	22	0	70	54
7	22	0	50	54
8	22	0	70	45
9	22	0	70	27
10	22	0	50	54
11	22	0	50	45
12	22	0	50	54
13	22	0	70	54
14	22	0	50	45
15	22	0	70	27
16	22	0	70	54
17	22	0	70	27
18	22	0	70	36
19	22	0	50	54
20	22	0	50	45
21	22	0	50	54
22	22	0	70	54
23	22	0	50	36
24	22	0	70	36
25	22	0	50	27
26	22	0	50	54
27	22	0	50	45
28	22	0	50	36
29	22	0	70	45
30	22	0	70	27
31	22	0	50	36
32	22	0	70	36
33	22	0	70	27
34	22	0	50	45
35	22	0	50	27
36	22	0	70	45
37	22	0	70	27
38	22	0	70	27
39	22	0	50	27
0	23	0	50	36
1	23	0	50	27
2	23	0	50	27
3	23	0	50	45
4	23	0	50	27
5	23	0	50	27
6	23	0	70	27
7	23	0	50	27
8	23	0	50	36
9	23	0	50	27
10	23	0	50	27
11	23	0	50	45
12	23	0	50	27
13	23	0	50	27
14	23	0	70	27
15	23	0	50	27
16	23	0	50	36
17	23	0	50	27
18	23	0	50	27
19	23	0	50	45
20	23	0	50	27
21	23	0	50	27
22	23	0	70	27
23	23	0	50	27
24	23	0	50	36
25	23	0	50	27
26	23	0	50	27
27	23	0	50	45
28	23	0	50	27
29	23	0	50	27
30	23	0	70	27
31	23	0	50	27
32	23	0	50	36
33	23	0	50	27
34	23	0	50	27
35	23	0	50	45
36	23	0	50	27
37	23	0	50	27
38	23	0	70	27
39	23	0	50	27
0	24	0	50	36
1	24	0	50	27
2	24	0	50	27
3	24	0	50	45
4	24	0	50	27
5	24	0	50	27
6	24	0	70	27
7	24	0	50	27
8	24	0	50	36
9	24	0	50	27
10	24	0	50	27
11	24	0	50	45
12	24	0	50	27
13	24	0	50	27
14	24	0	70	27
15	24	0	50	27
16	24	0	50	36
17	24	0	50	27
18	24	0	50	27
19	24	0	50	45
20	24	0	50	27
21	24	0	50	27
22	24	0	70	27
23	24	0	50	27
24	24	0	50	36
25	24	0	50	27
26	24	0	50	27
27	24	0	50	45
28	24	0	50	27
29	24	0	50	27
30	24	0	70	27
31	24	0	50	27
32	24	0	50	36
33	24	0	50	27
34	24	0	50	27
35	24	0	50	45
36	24	0	50	27
37	24	0	50	27
38	24	0	70	27
39	24	0	50	27
0	25	0	50	36
1	25	0	50	27
2	25	0	50	36
3	25	0	70	36
4	25	0	50	54
5	25	0	70	54
6	25	0	50	45
7	25	0	50	54
8	25	0	70	45
9	25	0	70	36
10	25	0	50	36
11	25	0	50	54
12	25	0	70	36
13	25	0	70	45
14	25	0	70	27
15	25	0	50	54
16	25	0	70	36
17	25	0	70	45
18	25	0	70	36
19	25	0	50	45
20	25	0	50	27
21	25	0	70	45
22	25	0	70	45
23	25	0	50	27
24	25	0	70	45
25	25	0	70	27
26	25	0	70	54
27	25	0	70	27
28	25	0	70	27
29	25	0	70	45
30	25	0	70	27
31	25	0	50	54
32	25	0	70	36
33	25	0	50	54
34	25	0	50	36
35	25	0	50	54
36	25	0	70	36
37	25	0	70	54
38	25	0	70	27
39	25	0	70	36
0	26	0	70	45
1	26	0	50	36
2	26	0	50	54
3	26	0	50	45
4	26	0	70	54
5	26	0	50	54
6	26	0	50	45
7	26	0	70	45
8	26	0	70	36
9	26	0	50	45
10	26	0	70	36
11	26	0	70	36
12	26	0	50	54
13	26	0	50	45
14	26	0	70	36
15	26	0	70	45
16	26	0	70	36
17	26	0	70	45
18	26	0	70	36
19	26	0	70	54
20	26	0	50	45
21	26	0	70	45
22	26	0	70	27
23	26	0	50	54
24	26	0	70	36
25	26	0	50	27
26	26	0	50	54
27	26	0	70	36
28	26	0	50	54
29	26	0	50	45
30	26	0	70	36
31	26	0	50	45
32	26	0	70	45
33	26	0	70	36
34	26	0	70	36
35	26	0	50	45
36	26	0	70	54
37	26	0	50	54
38	26	0	50	36
39	26	0	70	45
0	27	0	70	36
1	27	0	50	45
2	27	0	70	36
3	27	0	70	36
4	27	0	50	54
5	27	0	50	45
6	27	0	70	36
7	27	0	50	45
8	27	0	70	45
9	27	0	70	36
10	27	0	70	36
11	27	0	50	45
12	27	0	70	54
13	27	0	50	45
14	27	0	70	27
15	27	0	50	54
16	27	0	70	36
17	27	0	50	54
18	27	0	50	36
19	27	0	50	54
20	27	0	50	36
21	27	0	50	45
22	27	0	70	54
23	27	0	50	54
24	27	0	70	45
25	27	0	70	36
26	27	0	70	36
27	27	0	50	45
28	27	0	70	36
29	27	0	50	54
30	27	0	50	36
31	27	0	70	45
32	27	0	70	36
33	27	0	50	45
34	27	0	70	36
35	27	0	50	54
36	27	0	50	36
37	27	0	50	45
38	27	0	70	54
39	27	0	50	54
0	28	0	70	45
1	28	0	70	36
2	28	0	70	36
3	28	0	50	45
4	28	0	70	36
5	28	0	50	45
6	28	0	70	27
7	28	0	50	54
8	28	0	70	36
9	28	0	50	54
10	28	0	50	36
11	28	0	70	27
12	28	0	70	36
13	28	0	50	54
14	28	0	50	27
15	28	0	70	54
16	28	0	70	45
17	28	0	70	36
18	28	0	70	36
19	28	0	50	45
20	28	0	70	36
21	28	0	50	54
22	28	0	50	45
23	28	0	50	45
24	28	0	70	36
25	28	0	70	27
26	28	0	70	36
27	28	0	50	45
28	28	0	50	27
29	28	0	70	45
30	28	0	70	27
31	28	0	50	54
32	28	0	70	36
33	28	0	50	27
34	28	0	50	54
35	28	0	50	54
36	28	0	50	27
37	28	0	70	27
38	28	0	50	36
39	28	0	70	36
0	29	0	50	36
1	29	0	50	27
2	29	0	50	27
3	29	0	50	45
4	29	0	50	27
5	29	0	50	27
6	29	0	70	27
7	29	0	50	27
8	29	0	50	36
9	29	0	50	27
10	29	0	50	27
11	29	0	50	45
12	29	0	50	27
13	29	0	50	27
14	29	0	70	27
15	29	0	50	27
16	29	0	50	36
17	29	0	50	27
18	29	0	50	27
19	29	0	50	45
20	29	0	50	27
21	29	0	50	27
22	29	0	70	27
23	29	0	50	27
24	29	0	50	36
25	29	0	50	27
26	29	0	50	27
27	29	0	50	45
28	29	0	50	27
29	29	0	50	27
30	29	0	70	27
31	29	0	50	27
32	29	0	50	36
33	29	0	50	27
34	29	0	50	27
35	29	0	50	45
36	29	0	50	27
37	29	0	50	27
38	29	0	70	27
39	29	0	50	27
0	30	0	50	36
1	30	0	50	27
2	30	0	50	27
3	30	0	50	45
4	30	0	50	27
5	30	0	50	27
6	30	0	70	27
7	30	0	50	27
8	30	0	50	36
9	30	0	50	27
10	30	0	50	27
11	30	0	50	45
12	30	0	50	27
13	30	0	50	27
14	30	0	70	27
15	30	0	50	27
16	30	0	50	36
17	30	0	50	27
18	30	0	50	36
19	30	0	70	36
20	30	0	50	54
21	30	0	70	54
22	30	0	50	45
23	30	0	50	54
24	30	0	70	45
25	30	0	70	36
26	30	0	50	36
27	30	0	50	54
28	30	0	70	36
29	30	0	70	45
30	30	0	70	27
31	30	0	50	54
32	30	0	70	36
33	30	0	70	45
34	30	0	70	36
35	30	0	50	45
36	30	0	50	27
37	30	0	70	45
38	30	0	70	45
39	30	0	50	27
0	31	0	70	36
1	31	0	70	54
2	31	0	50	36
3	31	0	70	54
4	31	0	70	36
5	31	0	70	54
6	31	0	50	36
7	31	0	70	54
8	31	0	70	45
9	31	0	50	54
10	31	0	50	54
11	31	0	70	27
12	31	0	70	36
13	31	0	70	45
14	31	0	70	54
15	31	0	70	27
16	31	0	70	45
17	31	0	50	36
18	31	0	70	36
19	31	0	70	45
20	31	0	70	36
21	31	0	70	54
22	31	0	50	45
23	31	0	50	36
24	31	0	70	45
25	31	0	50	45
26	31	0	50	54
27	31	0	50	45
28	31	0	50	36
29	31	0	70	45
30	31	0	70	36
31	31	0	70	27
32	31	0	70	36
33	31	0	70	54
34	31	0	50	36
35	31	0	70	54
36	31	0	70	36
37	31	0	70	45
38	31	0	70	45
39	31	0	50	45
0	32	0	70	36
1	32	0	70	45
2	32	0	70	54
3	32	0	70	27
4	32	0	70	54
5	32	0	70	54
6	32	0	50	36
7	32	0	70	36
8	32	0	70	36
9	32	0	70	36
10	32	0	70	36
11	32	0	70	54
12	32	0	70	27
13	32	0	50	54
14	32	0	50	27
15	32	0	70	27
16	32	0	70	45
17	32	0	70	45
18	32	0	70	36
19	32	0	70	36
20	32	0	50	54
21	32	0	70	54
22	32	0	50	45
23	32	0	70	27
24	32	0	70	45
25	32	0	50	45
26	32	0	70	36
27	32	0	50	45
28	32	0	50	27
29	32	0	70	54
30	32	0	50	45
31	32	0	50	45
32	32	0	70	36
33	32	0	70	27
34	32	0	70	36
35	32	0	50	45
36	32	0	50	27
37	32	0	70	45
38	32	0	70	27
39	32	0	50	54
0	33	0	70	36
1	33	0	50	27
2	33	0	50	54
3	33	0	50	54
4	33	0	50	27
5	33	0	70	27
6	33	0	50	36
7	33	0	70	36
8	33	0	50	36
9	33	0	50	27
10	33	0	50	27
11	33	0	50	45
12	33	0	50	27
13	33	0	50	27
14	33	0	70	27
15	33	0	50	27
16	33	0	50	36
17	33	0	50	27
18	33	0	50	27
19	33	0	50	45
20	33	0	50	27
21	33	0	50	27
22	33	0	70	27
23	33	0	50	27
24	33	0	50	36
25	33	0	50	27
26	33	0	50	27
27	33	0	50	45
28	33	0	50	27
29	33	0	50	27
30	33	0	70	27
31	33	0	50	27
32	33	0	50	36
33	33	0	50	27
34	33	0	50	27
35	33	0	50	45
36	33	0	50	27
37	33	0	50	27
38	33	0	70	27
39	33	0	50	27
0	34	0	50	36
1	34	0	50	27
2	34	0	50	27
3	34	0	50	45
4	34	0	50	27
5	34	0	50	27
6	34	0	70	27
7	34	0	50	27
8	34	0	50	36
9	34	0	50	27
10	34	0	50	27
11	34	0	50	45
12	34	0	50	27
13	34	0	50	27
14	34	0	70	27
15	34	0	50	27
16	34	0	50	36
17	34	0	50	27
18	34	0	50	27
19	34	0	50	45
20	34	0	50	27
21	34	0	50	27
22	34	0	70	27
23	34	0	50	27
24	34	0	50	36
25	34	0	50	27
26	34	0	50	27
27	34	0	50	45
28	34	0	50	27
29	34	0	50	27
30	34	0	70	27
31	34	0	50	27
32	34	0	50	36
33	34	0	50	27
34	34	0	50	27
35	34	0	50	45
36	34	0	50	27
37	34	0	50	27
38	34	0	70	27
39	34	0	50	27
0	35	0	50	36
1	35	0	50	27
2	35	0	50	27
3	35	0	50	45
4	35	0	50	27
5	35	0	50	27
6	35	0	70	27
7	35	0	50	27
8	35	0	50	36
9	35	0	50	27
10	35	0	50	36
11	35	0	70	36
12	35	0	50	54
13	35	0	70	54
14	35	0	50	45
15	35	0	50	54
16	35	0	70	45
17	35	0	70	36
18	35	0	50	36
19	35	0	50	54
20	35	0	70	36
21	35	0	70	45
22	35	0	70	27
23	35	0	50	54
24	35	0	70	36
25	35	0	70	45
26	35	0	70	36
27	35	0	50	45
28	35	0	50	27
29	35	0	70	45
30	35	0	70	45
31	35	0	50	27
32	35	0	70	45
33	35	0	50	45
34	35	0	50	36
35	35	0	70	54
36	35	0	70	45
37	35	0	70	54
38	35	0	50	36
39	35	0	50	27
0	36	0	70	45
1	36	0	50	45
2	36	0	70	54
3	36	0	70	36
4	36	0	50	27
5	36	0	50	54
6	36	0	50	45
7	36	0	50	27
8	36	0	70	36
9	36	0	50	27
10	36	0	70	54
11	36	0	50	45
12	36	0	70	45
13	36	0	50	45
14	36	0	70	45
15	36	0	50	36
16	36	0	70	45
17	36	0	70	45
18	36	0	50	36
19	36	0	70	36
20	36	0	50	36
21	36	0	70	54
22	36	0	50	45
23	36	0	50	27
24	36	0	70	45
25	36	0	50	54
26	36	0	70	36
27	36	0	70	36
28	36	0	50	36
29	36	0	50	54
30	36	0	50	36
31	36	0	50	45
32	36	0	70	36
33	36	0	50	36
34	36	0	70	36
35	36	0	70	36
36	36	0	50	27
37	36	0	70	54
38	36	0	50	36
39	36	0	50	36
0	37	0	70	36
1	37	0	50	27
2	37	0	50	54
3	37	0	50	45
4	37	0	50	36
5	37	0	70	54
6	37	0	50	45
7	37	0	70	27
8	37	0	70	54
9	37	0	70	27
10	37	0	50	54
11	37	0	70	27
12	37	0	50	54
13	37	0	50	54
14	37	0	70	27
15	37	0	70	27
16	37	0	70	45
17	37	0	50	45
18	37	0	50	54
19	37	0	70	27
20	37	0	50	54
21	37	0	50	54
22	37	0	50	45
23	37	0	70	36
24	37	0	70	45
25	37	0	70	54
26	37	0	70	54
27	37	0	50	54
28	37	0	50	54
29	37	0	50	54
30	37	0	70	54
31	37	0	50	27
32	37	0	70	36
33	37	0	70	36
34	37	0	50	36
35	37	0	70	36
36	37	0	50	36
37	37	0	70	54
38	37	0	50	45
39	37	0	70	45
0	38	0	70	36
1	38	0	50	54
2	38	0	70	36
3	38	0	50	45
4	38	0	50	36
5	38	0	70	45
6	38	0	70	36
7	38	0	70	27
8	38	0	70	45
9	38	0	50	36
10	38	0	70	36
11	38	0	70	45
12	38	0	50	45
13	38	0	50	45
14	38	0	70	45
15	38	0	50	45
16	38	0	70	36
17	38	0	70	45
18	38	0	70	54
19	38	0	70	27
20	38	0	70	27
21	38	0	70	54
22	38	0	50	27
23	38	0	70	45
24	38	0	70	45
25	38	0	70	36
26	38	0	50	54
27	38	0	70	36
28	38	0	70	54
29	38	0	70	45
30	38	0	70	45
31	38	0	70	45
32	38	0	70	54
33	38	0	70	45
34	38	0	50	36
35	38	0	50	54
36	38	0	70	27
37	38	0	50	54
38	38	0	50	27
39	38	0	70	27
0	39	0	70	45
1	39	0	70	36
2	39	0	70	36
3	39	0	50	45
4	39	0	70	54
5	39	0	50	45
6	39	0	70	27
7	39	0	50	36
8	39	0	70	36
9	39	0	50	27
10	39	0	70	54
11	39	0	50	45
12	39	0	50	27
13	39	0	70	45
14	39	0	70	45
15	39	0	50	36
16	39	0	50	27
17	39	0	50	54
18	39	0	50	45
19	39	0	50	45
20	39	0	50	27
21	39	0	50	27
22	39	0	70	27
23	39	0	50	27
24	39	0	50	36
25	39	0	50	27
26	39	0	50	27
27	39	0	50	45
28	39	0	50	27
29	39	0	50	27
30	39	0	70	27
31	39	0	50	27
32	39	0	50	36
33	39	0	50	27
34	39	0	50	27
35	39	0	50	45
36	39	0	50	27
37	39	0	50	27
38	39	0	70	27
39	39	0	50	27
0	40	0	50	36
1	40	0	50	27
2	40	0	50	27
3	40	0	50	45
4	40	0	50	27
5	40	0	50	27
6	40	0	70	27
7	40	0	50	27
8	40	0	50	36
9	40	0	50	27
10	40	0	50	27
11	40	0	50	45
12	40	0	50	27
13	40	0	50	27
14	40	0	70	27
15	40	0	50	27
16	40	0	50	36
17	40	0	50	27
18	40	0	50	27
19	40	0	50	45
20	40	0	50	27
21	40	0	50	27
22	40	0	70	27
23	40	0	50	27
24	40	0	50	36
25	40	0	50	27
26	40	0	50	27
27	40	0	50	45
28	40	0	50	27
29	40	0	50	27
30	40	0	70	27
31	40	0	50	27
32	40	0	70	45
33	40	0	70	36
34	40	0	50	36
35	40	0	70	54
36	40	0	70	27
37	40	0	50	54
38	40	0	50	45
39	40	0	70	54
0	41	0	70	45
1	41	0	70	27
2	41	0	70	54
3	41	0	70	36
4	41	0	50	45
5	41	0	50	45
6	41	0	70	54
7	41	0	50	54
8	41	0	70	36
9	41	0	50	27
10	41	0	70	54
11	41	0	50	54
12	41	0	70	36
13	41	0	50	45
14	41	0	70	27
15	41	0	50	36
16	41	0	70	36
17	41	0	70	27
18	41	0	50	36
19	41	0	70	27
20	41	0	70	36
21	41	0	50	45
22	41	0	70	54
23	41	0	70	54
24	41	0	70	36
25	41	0	70	27
26	41	0	70	36
27	41	0	50	54
28	41	0	70	36
29	41	0	70	45
30	41	0	70	54
31	41	0	70	54
32	41	0	70	45
33	41	0	50	45
34	41	0	50	54
35	41	0	70	36
36	41	0	50	36
37	41	0	50	54
38	41	0	50	45
39	41	0	70	27
0	42	0	70	36
1	42	0	70	27
2	42	0	70	36
3	42	0	50	54
4	42	0	70	36
5	42	0	70	45
6	42	0	70	54
7	42	0	50	45
8	42	0	70	54
9	42	0	50	45
10	42	0	70	54
11	42	0	70	36
12	42	0	50	36
13	42	0	50	54
14	42	0	70	27
15	42	0	50	54
16	42	0	70	36
17	42	0	50	27
18	42	0	70	54
19	42	0	50	45
20	42	0	70	45
21	42	0	50	54
22	42	0	50	36
23	42	0	50	27
24	42	0	70	45
25	42	0	50	54
26	42	0	70	36
27	42	0	70	36
28	42	0	50	54
29	42	0	50	54
30	42	0	50	54
31	42	0	50	27
32	42	0	70	36
33	42	0	70	36
34	42	0	70	36
35	42	0	70	54
36	42	0	70	27
37	42	0	50	45
38	42	0	70	45
39	42	0	70	36
0	43	0	70	45
1	43	0	50	27
2	43	0	50	36
3	43	0	70	36
4	43	0	50	45
5	43	0	50	45
6	43	0	70	45
7	43	0	70	45
8	43	0	70	36
9	43	0	50	27
10	43	0	50	54
11	43	0	50	45
12	43	0	50	36
13	43	0	70	54
14	43	0	50	36
15	43	0	50	27
16	43	0	70	45
17	43	0	50	45
18	43	0	70	36
19	43	0	70	36
20	43	0	50	36
21	43	0	50	54
22	43	0	50	45
23	43	0	70	27
24	43	0	70	45
25	43	0	50	54
26	43	0	70	36
27	43	0	50	45
28	43	0	70	36
29	43	0	50	45
30	43	0	70	54
31	43	0	70	27
32	43	0	70	36
33	43	0	70	45
34	43	0	70	36
35	43	0	70	27
36	43	0	70	27
37	43	0	50	54
38	43	0	50	36
39	43	0	70	45
0	44	0	70	36
1	44	0	50	27
2	44	0	70	54
3	44	0	50	45
4	44	0	70	45
5	44	0	50	45
6	44	0	70	45
7	44	0	50	45
8	44	0	70	36
9	44	0	70	45
10	44	0	70	54
11	44	0	70	36
12	44	0	50	36
13	44	0	50	54
14	44	0	70	27
15	44	0	50	27
16	44	0	70	45
17	44	0	70	36
18	44	0	70	36
19	44	0	70	36
20	44	0	70	27
21	44	0	50	45
22	44	0	70	54
23	44	0	50	45
24	44	0	70	54
25	44	0	70	36
26	44	0	50	54
27	44	0	50	45
28	44	0	50	36
29	44	0	70	45
30	44	0	70	54
31	44	0	70	54
32	44	0	70	45
33	44	0	50	45
34	44	0	70	54
35	44	0	70	27
36	44	0	50	27
37	44	0	50	45
38	44	0	70	45
39	44	0	70	45
0	45	0	70	54
1	45	0	70	45
2	45	0	50	36
3	45	0	50	54
4	45	0	70	36
5	45	0	50	54
6	45	0	70	45
7	45	0	50	54
8	45	0	70	45
9	45	0	70	27
10	45	0	70	36
11	45	0	70	36
12	45	0	50	27
13	45	0	70	45
14	45	0	70	27
15	45	0	50	54
16	45	0	70	36
17	45	0	50	54
18	45	0	50	36
19	45	0	50	54
20	45	0	50	36
21	45	0	50	45
22	45	0	70	54
23	45	0	50	54
24	45	0	70	45
25	45	0	70	27
26	45	0	70	36
27	45	0	70	45
28	45	0	50	27
29	45	0	50	54
30	45	0	50	45
31	45	0	70	27
32	45	0	70	36
33	45	0	70	36
34	45	0	70	36
35	45	0	50	54
36	45	0	70	36
37	45	0	50	54
38	45	0	70	45
39	45	0	70	36
0	46	0	70	36
1	46	0	50	27
2	46	0	70	54
3	46	0	50	54
4	46	0	70	54
5	46	0	70	45
6	46	0	70	27
7	46	0	50	36
8	46	0	70	36
9	46	0	70	27
10	46	0	50	45
11	46	0	50	27
12	46	0	70	45
13	46	0	70	27
14	46	0	70	27
15	46	0	50	27
16	46	0	50	36
17	46	0	50	27
18	46	0	50	27
19	46	0	50	45
20	46	0	50	27
21	46	0	50	27
22	46	0	70	27
23	46	0	50	27
24	46	0	50	36
25	46	0	50	27
26	46	0	50	27
27	46	0	50	45
28	46	0	50	27
29	46	0	50	27
30	46	0	70	27
31	46	0	50	27
32	46	0	50	36
33	46	0	50	27
34	46	0	50	27
35	46	0	50	45
36	46	0	50	27
37	46	0	50	27
38	46	0	70	27
39	46	0	50	27
0	47	0	70	45
1	47	0	70	36
2	47	0	70	54
3	47	0	70	36
4	47	0	50	36
5	47	0	70	54
6	47	0	50	45
7	47	0	70	27
8	47	0	70	36
9	47	0	70	45
10	47	0	70	54
11	47	0	50	45
12	47	0	50	36
13	47	0	70	45
14	47	0	70	54
15	47	0	50	45
16	47	0	70	36
17	47	0	50	27
18	47	0	50	54
19	47	0	50	54
20	47	0	50	27
21	47	0	50	54
22	47	0	50	36
23	47	0	50	54
24	47	0	70	54
25	47	0	50	45
26	47	0	70	36
27	47	0	50	54
28	47	0	70	36
29	47	0	50	45
30	47	0	70	36
31	47	0	70	45
32	47	0	70	36
33	47	0	50	27
34	47	0	70	54
35	47	0	50	45
36	47	0	70	45
37	47	0	50	54
38	47	0	50	36
39	47	0	50	27
0	48	0	70	36
1	48	0	70	45
2	48	0	70	54
3	48	0	50	54
4	48	0	70	36
5	48	0	50	54
6	48	0	70	45
7	48	0	50	54
8	48	0	70	45
9	48	0	70	36
10	48	0	70	36
11	48	0	50	45
12	48	0	70	36
13	48	0	50	54
14	48	0	50	36
15	48	0	50	54
16	48	0	70	45
17	48	0	50	45
18	48	0	50	54
19	48	0	50	54
20	48	0	50	27
21	48	0	50	54
22	48	0	50	54
23	48	0	50	27
24	48	0	70	45
25	48	0	70	36
26	48	0	70	36
27	48	0	50	45
28	48	0	70	54
29	48	0	50	45
30	48	0	70	54
31	48	0	50	45
32	48	0	70	54
33	48	0	70	27
34	48	0	70	54
35	48	0	50	54
36	48	0	50	45
37	48	0	70	54
38	48	0	70	45
39	48	0	50	45
0	49	0	70	45
1	49	0	70	27
2	49	0	70	36
3	49	0	50	54
4	49	0	50	36
5	49	0	50	45
6	49	0	70	27
7	49	0	50	36
8	49	0	70	36
9	49	0	50	27
10	49	0	70	54
11	49	0	50	45
12	49	0	50	27
13	49	0	70	45
14	49	0	70	45
15	49	0	50	36
16	49	0	50	27
17	49	0	50	54
18	49	0	50	45
19	49	0	50	45
20	49	0	50	27
21	49	0	50	27
22	49	0	70	27
23	49	0	50	27
24	49	0	50	36
25	49	0	50	27
26	49	0	50	27
27	49	0	50	45
28	49	0	50	27
29	49	0	50	27
30	49	0	70	27
31	49	0	50	27
32	49	0	50	36
33	49	0	50	27
34	49	0	50	27
35	49	0	50	45
36	49	0	50	27
37	49	0	50	27
38	49	0	70	27
39	49	0	50	27
0	50	0	50	36
1	50	0	50	27
2	50	0	50	27
3	50	0	50	45
4	50	0	50	27
5	50	0	50	27
6	50	0	70	27
7	50	0	50	27
8	50	0	50	36
9	50	0	50	27
10	50	0	50	27
11	50	0	50	45
12	50	0	50	27
13	50	0	50	27
14	50	0	70	27
15	50	0	50	27
16	50	0	50	36
17	50	0	50	27
18	50	0	50	27
19	50	0	50	45
20	50	0	50	27
21	50	0	50	27
22	50	0	70	27
23	50	0	50	27
24	50	0	50	36
25	50	0	50	27
26	50	0	50	27
27	50	0	50	45
28	50	0	50	27
29	50	0	50	27
30	50	0	70	27
31	50	0	50	27
32	50	0	50	36
33	50	0	50	27
34	50	0	50	27
35	50	0	50	45
36	50	0	50	27
37	50	0	50	27
38	50	0	70	27
39	50	0	50	27
0	51	0	50	36
1	51	0	50	27
2	51	0	50	27
3	51	0	50	45
4	51	0	50	27
5	51	0	50	27
6	51	0	70	27
7	51	0	50	27
8	51	0	50	36
9	51	0	50	27
10	51	0	50	27
11	51	0	50	45
12	51	0	50	27
13	51	0	50	27
14	51	0	70	27
15	51	0	50	27
16	51	0	50	36
17	51	0	50	27
18	51	0	50	27
19	51	0	50	45
20	51	0	50	27
21	51	0	50	27
22	51	0	70	27
23	51	0	50	27
24	51	0	50	36
25	51	0	50	27
26	51	0	50	36
27	51	0	70	36
28	51	0	50	54
29	51	0	70	54
30	51	0	50	45
31	51	0	50	54
32	51	0	70	36
33	51	0	70	45
34	51	0	50	54
35	51	0	50	54
36	51	0	50	27
37	51	0	70	54
38	51	0	50	36
39	51	0	70	45
0	52	0	70	45
1	52	0	50	45
2	52	0	70	36
3	52	0	70	36
4	52	0	50	45
5	52	0	50	45
6	52	0	70	54
7	52	0	50	54
8	52	0	70	36
9	52	0	50	27
10	52	0	70	54
11	52	0	50	54
12	52	0	70	36
13	52	0	50	45
14	52	0	70	27
15	52	0	50	36
16	52	0	70	36
17	52	0	70	27
18	52	0	50	36
19	52	0	70	36
20	52	0	50	36
21	52	0	70	54
22	52	0	50	45
23	52	0	50	27
24	52	0	70	45
25	52	0	70	27
26	52	0	70	36
27	52	0	50	54
28	52	0	70	36
29	52	0	70	54
30	52	0	50	45
31	52	0	50	36
32	52	0	70	45
33	52	0	70	36
34	52	0	50	36
35	52	0	50	54
36	52	0	50	54
37	52	0	50	54
38	52	0	70	54
39	52	0	50	27
0	53	0	70	36
1	53	0	70	54
2	53	0	70	54
3	53	0	70	27
4	53	0	70	27
5	53	0	70	54
6	53	0	50	45
7	53	0	50	45
8	53	0	70	45
9	53	0	70	36
10	53	0	50	36
11	53	0	70	36
12	53	0	50	54
13	53	0	50	54
14	53	0	50	45
15	53	0	70	36
16	53	0	70	45
17	53	0	50	45
18	53	0	50	54
19	53	0	70	45
20	53	0	70	45
21	53	0	70	54
22	53	0	50	45
23	53	0	50	27
24	53	0	70	45
25	53	0	70	27
26	53	0	50	36
27	53	0	70	36
28	53	0	50	54
29	53	0	50	45
30	53	0	70	36
31	53	0	70	45
32	53	0	70	45
33	53	0	70	36
34	53	0	50	54
35	53	0	70	36
36	53	0	70	54
37	53	0	70	45
38	53	0	70	54
39	53	0	50	45
0	54	0	70	54
1	54	0	70	36
2	54	0	50	54
3	54	0	50	45
4	54	0	50	36
5	54	0	70	45
6	54	0	70	54
7	54	0	70	54
8	54	0	70	36
9	54	0	50	27
10	54	0	50	54
11	54	0	50	54
12	54	0	50	27
13	54	0	70	54
14	54	0	50	45
15	54	0	70	54
16	54	0	70	45
17	54	0	70	27
18	54	0	70	54
19	54	0	70	36
20	54	0	50	45
21	54	0	50	45
22	54	0	70	54
23	54	0	50	54
24	54	0	70	36
25	54	0	50	27
26	54	0	70	54
27	54	0	50	54
28	54	0	70	36
29	54	0	50	45
30	54	0	70	27
31	54	0	50	36
32	54	0	70	36
33	54	0	70	27
34	54	0	50	36
35	54	0	70	27
36	54	0	50	54
37	54	0	50	54
38	54	0	70	27
39	54	0	70	27
0	55	0	70	45
1	55	0	50	45
2	55	0	70	54
3	55	0	50	45
4	55	0	50	27
5	55	0	70	45
6	55	0	70	54
7	55	0	50	45
8	55	0	70	54
9	55	0	70	36
10	55	0	50	54
11	55	0	50	45
12	55	0	50	36
13	55	0	70	45
14	55	0	70	27
15	55	0	50	36
16	55	0	70	36
17	55	0	70	54
18	55	0	50	36
19	55	0	50	54
20	55	0	70	36
21	55	0	50	54
22	55	0	50	36
23	55	0	50	54
24	55	0	70	54
25	55	0	70	45
26	55	0	50	54
27	55	0	50	54
28	55	0	50	36
29	55	0	50	45
30	55	0	70	54
31	55	0	50	54
32	55	0	70	45
33	55	0	70	27
34	55	0	70	54
35	55	0	70	54
36	55	0	70	36
37	55	0	70	45
38	55	0	70	27
39	55	0	50	54
0	56	0	70	36
1	56	0	50	54
2	56	0	50	36
3	56	0	70	27
4	56	0	70	54
5	56	0	50	54
6	56	0	70	45
7	56	0	50	27
8	56	0	70	45
9	56	0	50	45
10	56	0	70	36
11	56	0	50	45
12	56	0	70	27
13	56	0	70	54
14	56	0	50	45
15	56	0	50	54
16	56	0	70	45
17	56	0	70	45
18	56	0	70	36
19	56	0	70	27
20	56	0	70	27
21	56	0	50	54
22	56	0	50	36
23	56	0	50	54
24	56	0	70	36
25	56	0	50	27
26	56	0	50	54
27	56	0	50	45
28	56	0	50	36
29	56	0	70	45
30	56	0	70	27
31	56	0	50	36
32	56	0	70	36
33	56	0	70	27
34	56	0	50	45
35	56	0	50	45
36	56	0	50	27
37	56	0	50	27
38	56	0	70	27
39	56	0	50	27
0	57	0	50	36
1	57	0	50	27
2	57	0	50	27
3	57	0	50	45
4	57	0	50	27
5	57	0	50	27
6	57	0	70	27
7	57	0	50	27
8	57	0	50	36
9	57	0	50	27
10	57	0	50	27
11	57	0	50	45
12	57	0	50	27
13	57	0	50	27
14	57	0	70	27
15	57	0	50	27
16	57	0	50	36
17	57	0	50	27
18	57	0	50	27
19	57	0	50	45
20	57	0	50	27
21	57	0	50	27
22	57	0	70	27
23	57	0	50	27
24	57	0	50	36
25	57	0	50	27
26	57	0	50	27
27	57	0	50	45
28	57	0	50	27
29	57	0	50	27
