0	0	0	70	70
1	0	0	70	45
2	0	0	90	5
3	0	0	90	50
4	0	0	70	45
5	0	0	90	70
6	0	0	90	30
7	0	0	70	50
8	0	0	70	40
9	0	0	90	10
10	0	0	90	0
11	0	0	90	75
12	0	0	70	70
13	0	0	70	45
14	0	0	90	75
15	0	0	70	10
16	0	0	90	55
17	0	0	90	70
18	0	0	90	0
19	0	0	70	70
20	0	0	70	50
21	0	0	90	75
22	0	0	90	60
23	0	0	90	75
24	0	0	70	70
25	0	0	70	50
26	0	0	90	40
27	0	0	90	70
28	0	0	90	55
29	0	0	90	70
30	0	0	90	75
31	0	0	70	55
32	0	0	70	65
33	0	0	70	50
34	0	0	90	25
35	0	0	90	25
36	0	0	90	65
37	0	0	70	75
38	0	0	70	0
39	0	0	90	75
40	0	0	70	30
41	0	0	70	45
42	0	0	90	35
43	0	0	70	30
44	0	0	90	50
45	0	0	70	0
46	0	0	90	60
47	0	0	70	50
48	0	0	90	55
49	0	0	90	10
0	1	0	90	40
1	1	0	90	15
2	1	0	70	70
3	1	0	90	30
4	1	0	90	20
5	1	0	70	30
6	1	0	90	40
7	1	0	70	0
8	1	0	90	35
9	1	0	90	75
10	1	0	70	70
11	1	0	70	45
12	1	0	90	15
13	1	0	90	10
14	1	0	90	40
15	1	0	70	15
16	1	0	90	60
17	1	0	70	30
18	1	0	70	40
19	1	0	70	0
20	1	0	90	5
21	1	0	90	35
22	1	0	90	5
23	1	0	70	0
24	1	0	70	70
25	1	0	90	65
26	1	0	90	75
27	1	0	90	25
28	1	0	90	10
29	1	0	70	65
30	1	0	90	10
31	1	0	70	5
32	1	0	90	0
33	1	0	70	10
34	1	0	70	40
35	1	0	70	0
36	1	0	90	5
37	1	0	90	35
38	1	0	70	70
39	1	0	70	45
40	1	0	90	30
41	1	0	70	70
42	1	0	90	55
43	1	0	70	70
44	1	0	90	25
45	1	0	70	50
46	1	0	70	45
47	1	0	70	0
48	1	0	90	60
49	1	0	90	55
0	2	0	70	70
1	2	0	90	45
2	2	0	90	20
3	2	0	90	30
4	2	0	90	55
5	2	0	70	70
6	2	0	90	25
7	2	0	90	30
8	2	0	70	50
9	2	0	70	15
10	2	0	70	70
11	2	0	70	40
12	2	0	70	10
13	2	0	70	55
14	2	0	70	60
15	2	0	70	65
16	2	0	90	5
17	2	0	70	40
18	2	0	70	10
19	2	0	70	65
20	2	0	70	45
21	2	0	70	20
22	2	0	90	35
23	2	0	90	10
24	2	0	90	40
25	2	0	70	10
26	2	0	90	65
27	2	0	90	55
28	2	0	90	70
29	2	0	90	45
30	2	0	90	30
31	2	0	70	50
32	2	0	70	40
33	2	0	70	10
34	2	0	90	40
35	2	0	90	50
36	2	0	70	50
37	2	0	70	55
38	2	0	90	35
39	2	0	90	15
40	2	0	70	70
41	2	0	70	45
42	2	0	90	75
43	2	0	90	30
44	2	0	90	45
45	2	0	70	0
46	2	0	90	45
47	2	0	90	70
48	2	0	90	40
49	2	0	70	25
0	3	0	90	55
1	3	0	90	15
2	3	0	70	65
3	3	0	70	10
4	3	0	70	70
5	3	0	90	15
6	3	0	90	60
7	3	0	70	5
8	3	0	70	50
9	3	0	70	20
10	3	0	90	45
11	3	0	90	60
12	3	0	90	50
13	3	0	70	10
14	3	0	90	45
15	3	0	70	30
16	3	0	90	5
17	3	0	90	15
18	3	0	90	70
19	3	0	90	45
20	3	0	90	30
21	3	0	90	70
22	3	0	90	45
23	3	0	90	60
24	3	0	90	75
25	3	0	70	30
26	3	0	90	55
27	3	0	70	15
28	3	0	90	50
29	3	0	90	15
30	3	0	70	70
31	3	0	70	45
32	3	0	90	40
33	3	0	90	10
34	3	0	90	55
35	3	0	70	45
36	3	0	90	40
37	3	0	70	10
38	3	0	70	55
39	3	0	90	0
40	3	0	90	50
41	3	0	90	15
42	3	0	70	65
43	3	0	70	30
44	3	0	70	10
45	3	0	90	5
46	3	0	90	25
47	3	0	70	40
48	3	0	90	60
49	3	0	90	35
0	4	0	90	15
1	4	0	90	5
2	4	0	90	65
3	4	0	70	30
4	4	0	90	50
5	4	0	70	40
6	4	0	90	55
7	4	0	90	15
8	4	0	70	70
9	4	0	90	55
10	4	0	90	35
11	4	0	70	70
12	4	0	70	40
13	4	0	70	10
14	4	0	90	20
15	4	0	70	10
16	4	0	70	40
17	4	0	70	25
18	4	0	90	55
19	4	0	90	35
20	4	0	70	70
21	4	0	70	45
22	4	0	90	40
23	4	0	90	10
24	4	0	90	55
25	4	0	90	25
26	4	0	90	60
27	4	0	70	10
28	4	0	70	55
29	4	0	70	45
30	4	0	90	75
31	4	0	90	15
32	4	0	90	40
33	4	0	90	35
34	4	0	70	35
35	4	0	90	15
36	4	0	70	0
37	4	0	70	70
38	4	0	90	70
39	4	0	70	20
40	4	0	90	50
41	4	0	70	50
42	4	0	90	10
43	4	0	90	30
44	4	0	70	40
45	4	0	70	50
46	4	0	90	70
47	4	0	90	55
48	4	0	70	70
49	4	0	70	45
0	5	0	90	25
1	5	0	90	30
2	5	0	70	55
3	5	0	70	75
4	5	0	90	40
5	5	0	70	10
6	5	0	90	40
7	5	0	70	20
8	5	0	90	70
9	5	0	90	55
10	5	0	70	70
11	5	0	90	40
12	5	0	90	25
13	5	0	70	30
14	5	0	70	40
15	5	0	70	35
16	5	0	90	60
17	5	0	90	30
18	5	0	90	45
19	5	0	90	0
20	5	0	90	75
21	5	0	90	55
22	5	0	70	70
23	5	0	90	70
24	5	0	90	70
25	5	0	70	65
26	5	0	70	50
27	5	0	90	35
28	5	0	90	75
29	5	0	90	20
30	5	0	90	45
31	5	0	70	0
32	5	0	90	25
33	5	0	70	50
34	5	0	90	40
35	5	0	90	20
36	5	0	90	65
37	5	0	90	75
38	5	0	70	70
39	5	0	90	45
40	5	0	90	20
41	5	0	90	70
42	5	0	70	55
43	5	0	90	5
44	5	0	90	60
45	5	0	70	10
46	5	0	90	40
47	5	0	70	10
48	5	0	90	45
49	5	0	90	55
0	6	0	70	70
1	6	0	70	45
2	6	0	90	40
3	6	0	90	10
4	6	0	70	40
5	6	0	90	30
6	6	0	90	70
7	6	0	70	10
8	6	0	90	40
9	6	0	70	25
10	6	0	90	55
11	6	0	90	35
12	6	0	70	70
13	6	0	70	50
14	6	0	90	75
15	6	0	90	55
16	6	0	70	25
17	6	0	70	0
18	6	0	70	25
19	6	0	90	0
20	6	0	70	45
21	6	0	90	0
22	6	0	70	10
23	6	0	70	0
24	6	0	70	40
25	6	0	90	10
26	6	0	90	60
27	6	0	90	75
28	6	0	70	70
29	6	0	90	45
30	6	0	90	10
31	6	0	90	50
32	6	0	90	45
33	6	0	70	35
34	6	0	90	40
35	6	0	70	10
36	6	0	70	55
37	6	0	70	10
38	6	0	90	20
39	6	0	90	55
40	6	0	70	70
41	6	0	90	45
42	6	0	90	25
43	6	0	70	30
44	6	0	90	55
45	6	0	70	30
46	6	0	90	0
47	6	0	70	50
48	6	0	70	40
49	6	0	90	75
0	7	0	90	60
1	7	0	90	75
2	7	0	90	70
3	7	0	70	45
4	7	0	90	25
5	7	0	90	30
6	7	0	70	15
7	7	0	70	5
8	7	0	70	40
9	7	0	90	10
10	7	0	70	0
11	7	0	70	60
12	7	0	70	60
13	7	0	90	75
14	7	0	70	0
15	7	0	90	35
16	7	0	90	60
17	7	0	90	75
18	7	0	70	70
19	7	0	70	45
20	7	0	90	25
21	7	0	70	70
22	7	0	90	45
23	7	0	70	25
24	7	0	90	75
25	7	0	90	55
26	7	0	70	70
27	7	0	70	50
28	7	0	90	20
29	7	0	90	50
30	7	0	90	55
31	7	0	70	70
32	7	0	90	60
33	7	0	70	10
34	7	0	90	40
35	7	0	70	15
36	7	0	90	30
37	7	0	90	75
38	7	0	70	70
39	7	0	90	45
40	7	0	90	40
41	7	0	90	50
42	7	0	90	45
43	7	0	70	10
44	7	0	90	20
45	7	0	90	70
46	7	0	90	50
47	7	0	70	70
48	7	0	90	60
49	7	0	70	0
0	8	0	70	5
1	8	0	90	55
2	8	0	70	70
3	8	0	90	0
4	8	0	70	45
5	8	0	70	5
6	8	0	90	40
7	8	0	90	50
8	8	0	90	45
9	8	0	90	75
10	8	0	90	20
11	8	0	70	70
12	8	0	70	50
13	8	0	70	50
14	8	0	90	60
15	8	0	90	55
16	8	0	70	70
17	8	0	70	45
18	8	0	90	25
19	8	0	70	30
20	8	0	70	40
21	8	0	90	30
22	8	0	90	55
23	8	0	90	10
24	8	0	90	40
25	8	0	70	55
26	8	0	90	0
27	8	0	90	35
28	8	0	70	70
29	8	0	70	50
30	8	0	90	25
31	8	0	90	50
32	8	0	90	55
33	8	0	70	65
34	8	0	90	25
35	8	0	70	10
36	8	0	90	70
37	8	0	70	65
38	8	0	90	55
39	8	0	70	20
40	8	0	70	25
41	8	0	70	40
42	8	0	90	55
43	8	0	70	0
44	8	0	70	40
45	8	0	90	75
46	8	0	90	20
47	8	0	70	50
48	8	0	90	55
49	8	0	70	75
0	9	0	90	25
1	9	0	70	70
2	9	0	90	55
3	9	0	70	45
4	9	0	90	60
5	9	0	90	55
6	9	0	70	70
7	9	0	90	55
8	9	0	90	40
9	9	0	90	10
10	9	0	90	55
11	9	0	90	30
12	9	0	90	50
13	9	0	90	30
14	9	0	90	40
15	9	0	70	0
16	9	0	90	35
17	9	0	90	75
18	9	0	70	70
19	9	0	90	45
20	9	0	90	45
21	9	0	90	30
22	9	0	90	50
23	9	0	70	50
24	9	0	90	5
25	9	0	70	10
26	9	0	90	55
27	9	0	70	25
28	9	0	70	5
29	9	0	90	0
30	9	0	70	0
31	9	0	90	55
32	9	0	70	5
33	9	0	90	70
34	9	0	70	70
35	9	0	70	25
36	9	0	70	45
37	9	0	90	50
38	9	0	70	50
39	9	0	70	0
40	9	0	90	5
41	9	0	70	50
42	9	0	90	50
43	9	0	70	15
44	9	0	90	35
45	9	0	90	15
46	9	0	70	70
47	9	0	70	45
48	9	0	90	30
49	9	0	90	70
0	10	0	70	50
1	10	0	90	60
2	10	0	90	40
3	10	0	70	10
4	10	0	70	50
5	10	0	90	40
6	10	0	90	50
7	10	0	90	35
8	10	0	70	70
9	10	0	90	40
10	10	0	90	25
11	10	0	70	30
12	10	0	90	55
13	10	0	70	75
14	10	0	90	50
15	10	0	70	70
16	10	0	90	55
17	10	0	70	70
18	10	0	90	30
19	10	0	90	0
20	10	0	70	55
21	10	0	90	60
22	10	0	90	25
23	10	0	70	5
24	10	0	70	10
25	10	0	90	50
26	10	0	90	0
27	10	0	90	60
28	10	0	90	55
29	10	0	90	55
30	10	0	90	55
31	10	0	70	10
32	10	0	90	40
33	10	0	70	65
34	10	0	90	20
35	10	0	90	55
36	10	0	70	70
37	10	0	70	45
38	10	0	90	75
39	10	0	70	50
40	10	0	90	45
41	10	0	70	30
42	10	0	90	55
43	10	0	90	10
44	10	0	90	45
45	10	0	90	55
46	10	0	90	75
47	10	0	90	35
48	10	0	70	70
49	10	0	70	45
0	11	0	90	40
1	11	0	90	70
2	11	0	90	45
3	11	0	70	40
4	11	0	90	45
5	11	0	70	10
6	11	0	90	50
7	11	0	70	35
8	11	0	70	40
9	11	0	90	60
10	11	0	90	5
11	11	0	70	65
12	11	0	90	35
13	11	0	90	60
14	11	0	90	55
15	11	0	70	35
16	11	0	70	45
17	11	0	70	45
18	11	0	70	50
19	11	0	70	45
20	11	0	90	60
21	11	0	90	50
22	11	0	90	55
23	11	0	70	60
24	11	0	90	10
25	11	0	90	75
26	11	0	70	70
27	11	0	70	45
28	11	0	90	30
29	11	0	70	30
30	11	0	90	45
31	11	0	70	5
32	11	0	90	60
33	11	0	70	10
34	11	0	90	55
35	11	0	70	70
36	11	0	90	60
37	11	0	90	15
38	11	0	70	70
39	11	0	70	45
40	11	0	90	20
41	11	0	70	30
42	11	0	90	55
43	11	0	90	50
44	11	0	90	60
45	11	0	90	10
46	11	0	90	55
47	11	0	70	0
48	11	0	90	30
49	11	0	70	55
0	12	0	70	30
1	12	0	90	50
2	12	0	90	35
3	12	0	70	35
4	12	0	70	0
5	12	0	90	35
6	12	0	90	35
7	12	0	70	70
8	12	0	70	75
9	12	0	90	70
10	12	0	90	55
11	12	0	90	70
12	12	0	90	40
13	12	0	90	75
14	12	0	90	60
15	12	0	90	75
16	12	0	70	70
17	12	0	70	45
18	12	0	90	25
19	12	0	90	70
20	12	0	90	55
21	12	0	70	5
22	12	0	90	0
23	12	0	90	30
24	12	0	70	50
25	12	0	70	50
26	12	0	90	20
27	12	0	90	55
28	12	0	70	70
29	12	0	70	45
30	12	0	90	40
31	12	0	70	70
32	12	0	90	55
33	12	0	90	70
34	12	0	90	60
35	12	0	70	70
36	12	0	90	45
37	12	0	70	0
38	12	0	90	25
39	12	0	90	15
40	12	0	90	0
41	12	0	70	25
42	12	0	90	30
43	12	0	90	45
44	12	0	70	15
45	12	0	90	55
46	12	0	70	35
47	12	0	90	10
48	12	0	70	50
49	12	0	70	65
0	13	0	90	60
1	13	0	70	30
2	13	0	70	40
3	13	0	90	0
4	13	0	90	25
5	13	0	90	75
6	13	0	70	70
7	13	0	70	45
8	13	0	90	15
9	13	0	70	50
10	13	0	70	50
11	13	0	90	70
12	13	0	90	75
13	13	0	70	10
14	13	0	70	40
15	13	0	90	65
16	13	0	90	60
17	13	0	90	35
18	13	0	70	70
19	13	0	70	45
20	13	0	90	35
21	13	0	90	70
22	13	0	90	50
23	13	0	70	45
24	13	0	90	55
25	13	0	70	50
26	13	0	70	40
27	13	0	70	60
28	13	0	90	60
29	13	0	90	15
30	13	0	70	70
31	13	0	70	55
32	13	0	90	40
33	13	0	70	40
34	13	0	90	30
35	13	0	90	10
36	13	0	90	25
37	13	0	70	5
38	13	0	70	20
39	13	0	70	75
40	13	0	70	10
41	13	0	70	70
42	13	0	90	40
43	13	0	70	20
44	13	0	90	15
45	13	0	90	35
46	13	0	70	70
47	13	0	70	45
48	13	0	90	30
49	13	0	90	30
0	14	0	90	55
1	14	0	70	45
2	14	0	90	55
3	14	0	70	50
4	14	0	70	50
5	14	0	90	10
6	14	0	90	45
7	14	0	90	55
8	14	0	90	70
9	14	0	70	50
10	14	0	90	20
11	14	0	70	70
12	14	0	90	50
13	14	0	70	75
14	14	0	90	55
15	14	0	90	30
16	14	0	70	40
17	14	0	70	20
18	14	0	90	0
19	14	0	90	15
20	14	0	70	70
21	14	0	90	30
22	14	0	70	70
23	14	0	90	30
24	14	0	70	50
25	14	0	70	60
26	14	0	70	70
27	14	0	90	60
28	14	0	70	25
29	14	0	70	50
30	14	0	70	70
31	14	0	90	0
32	14	0	70	40
33	14	0	90	15
34	14	0	90	0
35	14	0	90	35
36	14	0	70	70
37	14	0	70	45
38	14	0	90	30
39	14	0	70	50
40	14	0	70	45
41	14	0	70	75
42	14	0	90	50
43	14	0	70	10
44	14	0	70	40
45	14	0	70	15
46	14	0	90	70
47	14	0	90	35
48	14	0	70	70
49	14	0	70	45
0	15	0	90	40
1	15	0	70	30
2	15	0	90	55
3	15	0	70	75
4	15	0	90	40
5	15	0	70	30
6	15	0	70	55
7	15	0	90	60
8	15	0	90	75
9	15	0	90	75
10	15	0	70	70
11	15	0	70	45
12	15	0	70	35
13	15	0	70	45
14	15	0	90	15
15	15	0	90	75
16	15	0	70	70
17	15	0	90	10
18	15	0	70	5
19	15	0	70	20
20	15	0	70	25
21	15	0	90	35
22	15	0	70	55
23	15	0	70	60
24	15	0	90	5
25	15	0	90	35
26	15	0	70	70
27	15	0	90	45
28	15	0	90	20
29	15	0	90	70
30	15	0	70	50
31	15	0	70	70
32	15	0	90	60
33	15	0	90	10
34	15	0	90	40
35	15	0	90	30
36	15	0	90	60
37	15	0	90	15
38	15	0	90	70
39	15	0	70	45
40	15	0	90	25
41	15	0	90	30
42	15	0	90	45
43	15	0	70	60
44	15	0	90	60
45	15	0	70	30
46	15	0	90	45
47	15	0	90	40
48	15	0	90	65
49	15	0	90	35
0	16	0	70	70
1	16	0	90	45
2	16	0	90	10
3	16	0	90	60
4	16	0	70	30
5	16	0	90	45
6	16	0	70	30
7	16	0	90	55
8	16	0	90	15
9	16	0	70	60
10	16	0	70	30
11	16	0	70	45
12	16	0	70	15
13	16	0	90	10
14	16	0	90	55
15	16	0	90	15
16	16	0	70	70
17	16	0	70	45
18	16	0	90	35
19	16	0	90	10
20	16	0	90	55
21	16	0	70	0
22	16	0	90	50
23	16	0	90	15
24	16	0	70	70
25	16	0	70	45
26	16	0	90	40
27	16	0	90	10
28	16	0	70	50
29	16	0	70	35
30	16	0	90	25
31	16	0	70	70
32	16	0	70	40
33	16	0	70	60
34	16	0	90	25
35	16	0	90	15
36	16	0	70	70
37	16	0	70	45
38	16	0	90	75
39	16	0	90	10
40	16	0	90	55
41	16	0	70	15
42	16	0	90	40
43	16	0	70	35
44	16	0	90	10
45	16	0	90	40
46	16	0	70	0
47	16	0	90	25
48	16	0	70	20
49	16	0	70	50
0	17	0	90	30
1	17	0	90	10
2	17	0	90	20
3	17	0	90	55
4	17	0	90	35
5	17	0	90	10
6	17	0	70	50
7	17	0	90	35
8	17	0	90	45
9	17	0	70	10
10	17	0	90	55
11	17	0	90	35
12	17	0	90	65
13	17	0	90	75
14	17	0	70	70
15	17	0	90	45
16	17	0	90	25
17	17	0	90	30
18	17	0	90	55
19	17	0	70	70
20	17	0	90	0
21	17	0	70	10
22	17	0	70	45
23	17	0	70	55
24	17	0	90	70
25	17	0	90	15
26	17	0	90	70
27	17	0	70	45
28	17	0	90	45
29	17	0	90	10
30	17	0	70	40
31	17	0	70	75
32	17	0	90	55
33	17	0	90	10
34	17	0	90	0
35	17	0	90	40
36	17	0	90	30
37	17	0	70	70
38	17	0	90	5
39	17	0	90	20
40	17	0	70	40
41	17	0	70	65
42	17	0	70	65
43	17	0	90	25
44	17	0	90	75
45	17	0	90	50
46	17	0	90	45
47	17	0	90	5
48	17	0	90	35
49	17	0	70	10
0	18	0	90	55
1	18	0	70	15
2	18	0	90	40
3	18	0	90	75
4	18	0	70	70
5	18	0	90	45
6	18	0	90	25
7	18	0	90	10
8	18	0	90	45
9	18	0	70	10
10	18	0	90	60
11	18	0	70	10
12	18	0	90	40
13	18	0	70	50
14	18	0	90	55
15	18	0	90	75
16	18	0	70	70
17	18	0	70	45
18	18	0	90	30
19	18	0	90	30
20	18	0	70	45
21	18	0	90	30
22	18	0	90	0
23	18	0	90	30
24	18	0	70	45
25	18	0	70	25
26	18	0	90	40
27	18	0	90	30
28	18	0	70	40
29	18	0	90	50
30	18	0	90	25
31	18	0	90	30
32	18	0	90	5
33	18	0	90	65
34	18	0	90	45
35	18	0	70	70
36	18	0	90	40
37	18	0	70	15
38	18	0	90	15
39	18	0	90	70
40	18	0	90	50
41	18	0	70	50
42	18	0	90	55
43	18	0	90	75
44	18	0	70	70
45	18	0	90	55
46	18	0	90	35
47	18	0	70	70
48	18	0	90	45
49	18	0	70	70
0	19	0	90	55
1	19	0	70	10
2	19	0	70	55
3	19	0	70	70
4	19	0	90	35
5	19	0	90	55
6	19	0	70	70
7	19	0	70	50
8	19	0	90	20
9	19	0	90	70
10	19	0	90	40
11	19	0	70	60
12	19	0	90	40
13	19	0	90	50
14	19	0	70	40
15	19	0	70	40
16	19	0	70	75
17	19	0	70	30
18	19	0	70	0
19	19	0	70	20
20	19	0	90	20
21	19	0	70	15
22	19	0	90	75
23	19	0	90	25
24	19	0	90	20
25	19	0	90	75
26	19	0	70	55
27	19	0	70	65
28	19	0	90	60
29	19	0	90	10
30	19	0	90	45
31	19	0	70	5
32	19	0	90	20
33	19	0	90	35
34	19	0	90	70
35	19	0	70	45
36	19	0	90	25
37	19	0	70	70
38	19	0	90	40
39	19	0	70	0
40	19	0	90	0
41	19	0	90	50
42	19	0	90	40
43	19	0	90	55
44	19	0	90	60
45	19	0	90	15
46	19	0	70	70
47	19	0	90	45
48	19	0	90	45
49	19	0	90	10
0	20	0	70	50
1	20	0	90	75
2	20	0	90	40
3	20	0	90	10
4	20	0	90	55
5	20	0	70	20
6	20	0	70	5
7	20	0	90	5
8	20	0	90	70
9	20	0	70	50
10	20	0	70	65
11	20	0	70	45
12	20	0	90	30
13	20	0	90	70
14	20	0	90	40
15	20	0	70	60
16	20	0	90	5
17	20	0	90	15
18	20	0	90	60
19	20	0	70	50
20	20	0	70	55
21	20	0	70	75
22	20	0	90	35
23	20	0	90	75
24	20	0	70	70
25	20	0	70	45
26	20	0	90	20
27	20	0	90	10
28	20	0	90	55
29	20	0	90	65
30	20	0	90	5
31	20	0	90	70
32	20	0	70	45
33	20	0	90	10
34	20	0	90	60
35	20	0	90	75
36	20	0	70	70
37	20	0	70	50
38	20	0	90	15
39	20	0	90	10
40	20	0	90	55
41	20	0	70	30
42	20	0	90	25
43	20	0	70	30
44	20	0	90	50
45	20	0	90	35
46	20	0	90	35
47	20	0	70	10
48	20	0	90	65
49	20	0	90	35
0	21	0	90	55
1	21	0	70	70
2	21	0	90	55
3	21	0	90	0
4	21	0	90	5
5	21	0	90	75
6	21	0	70	0
7	21	0	70	20
8	21	0	90	30
9	21	0	70	30
10	21	0	70	50
11	21	0	70	35
12	21	0	90	35
13	21	0	90	55
14	21	0	90	70
15	21	0	90	45
16	21	0	90	35
17	21	0	70	70
18	21	0	90	55
19	21	0	70	0
20	21	0	90	60
21	21	0	90	10
22	21	0	90	45
23	21	0	90	0
24	21	0	90	20
25	21	0	90	75
26	21	0	90	70
27	21	0	90	40
28	21	0	90	30
29	21	0	90	30
30	21	0	90	55
31	21	0	70	35
32	21	0	90	20
33	21	0	70	10
34	21	0	90	45
35	21	0	90	10
36	21	0	90	20
37	21	0	90	75
38	21	0	90	55
39	21	0	70	60
40	21	0	70	5
41	21	0	90	60
42	21	0	90	10
43	21	0	90	70
44	21	0	90	0
45	21	0	70	0
46	21	0	70	40
47	21	0	70	70
48	21	0	90	45
49	21	0	70	10
0	22	0	90	40
1	22	0	90	30
2	22	0	90	15
3	22	0	90	55
4	22	0	70	70
5	22	0	90	55
6	22	0	90	40
7	22	0	90	30
8	22	0	90	55
9	22	0	90	5
10	22	0	90	40
11	22	0	90	50
12	22	0	70	40
13	22	0	70	20
14	22	0	90	15
15	22	0	90	55
16	22	0	70	70
17	22	0	70	50
18	22	0	90	20
19	22	0	90	30
20	22	0	90	55
21	22	0	70	70
22	22	0	90	40
23	22	0	90	70
24	22	0	90	50
25	22	0	70	65
26	22	0	90	20
27	22	0	90	15
28	22	0	90	70
29	22	0	90	55
30	22	0	90	65
31	22	0	70	70
32	22	0	70	70
33	22	0	70	75
34	22	0	90	30
35	22	0	70	25
36	22	0	70	50
37	22	0	90	30
38	22	0	70	20
39	22	0	70	10
40	22	0	90	45
41	22	0	70	0
42	22	0	90	55
43	22	0	90	35
44	22	0	70	70
45	22	0	70	45
46	22	0	90	20
47	22	0	70	50
48	22	0	70	45
49	22	0	70	75
0	23	0	90	65
1	23	0	70	70
2	23	0	70	40
3	23	0	70	30
4	23	0	90	20
5	23	0	90	15
6	23	0	70	70
7	23	0	70	45
8	23	0	70	50
9	23	0	70	10
10	23	0	70	45
11	23	0	90	60
12	23	0	90	60
13	23	0	90	75
14	23	0	90	70
15	23	0	70	50
16	23	0	90	35
17	23	0	90	50
18	23	0	90	55
19	23	0	70	35
20	23	0	70	40
21	23	0	90	5
22	23	0	90	0
23	23	0	70	45
24	23	0	90	0
25	23	0	70	75
26	23	0	70	15
27	23	0	70	50
28	23	0	70	55
29	23	0	90	75
30	23	0	70	70
31	23	0	70	50
32	23	0	90	75
33	23	0	70	30
34	23	0	90	40
35	23	0	70	60
36	23	0	90	15
37	23	0	70	10
38	23	0	70	45
39	23	0	70	5
40	23	0	90	30
41	23	0	90	35
42	23	0	70	70
43	23	0	70	50
44	23	0	90	25
45	23	0	90	70
46	23	0	90	55
47	23	0	90	5
48	23	0	90	60
49	23	0	90	30
0	24	0	70	50
1	24	0	90	75
2	24	0	90	60
3	24	0	90	75
4	24	0	90	70
5	24	0	70	50
6	24	0	90	35
7	24	0	90	10
8	24	0	90	55
9	24	0	70	15
10	24	0	70	65
11	24	0	70	65
12	24	0	70	50
13	24	0	70	45
14	24	0	90	20
15	24	0	70	5
16	24	0	70	5
17	24	0	90	40
18	24	0	90	55
19	24	0	70	5
20	24	0	70	70
21	24	0	90	55
22	24	0	90	45
23	24	0	90	50
24	24	0	70	40
25	24	0	90	15
26	24	0	90	50
27	24	0	90	30
28	24	0	90	40
29	24	0	70	60
30	24	0	90	55
31	24	0	90	15
32	24	0	70	70
33	24	0	70	45
34	24	0	90	20
35	24	0	90	70
36	24	0	90	55
37	24	0	70	10
38	24	0	90	0
39	24	0	70	70
40	24	0	70	50
41	24	0	90	5
42	24	0	90	60
43	24	0	90	35
44	24	0	90	70
45	24	0	90	45
46	24	0	90	35
47	24	0	70	30
48	24	0	90	45
49	24	0	70	35
0	25	0	90	60
1	25	0	90	55
2	25	0	90	25
3	25	0	70	35
4	25	0	90	35
5	25	0	90	30
6	25	0	90	70
7	25	0	90	40
8	25	0	90	20
9	25	0	90	20
10	25	0	90	70
11	25	0	70	45
12	25	0	90	35
13	25	0	70	70
14	25	0	90	50
15	25	0	90	15
16	25	0	90	60
17	25	0	90	10
18	25	0	70	50
19	25	0	90	5
20	25	0	90	10
21	25	0	90	55
22	25	0	70	70
23	25	0	70	50
24	25	0	90	30
25	25	0	70	30
26	25	0	70	50
27	25	0	70	70
28	25	0	90	75
29	25	0	90	70
30	25	0	90	45
31	25	0	70	60
32	25	0	90	15
33	25	0	90	75
34	25	0	70	70
35	25	0	90	40
36	25	0	90	40
37	25	0	90	10
38	25	0	90	55
39	25	0	90	75
40	25	0	90	60
41	25	0	90	20
42	25	0	70	40
43	25	0	90	55
44	25	0	90	70
45	25	0	90	20
46	25	0	90	25
47	25	0	90	60
48	25	0	70	25
49	25	0	90	45
0	26	0	70	50
1	26	0	70	5
2	26	0	90	35
3	26	0	70	10
4	26	0	70	40
5	26	0	70	35
6	26	0	90	40
7	26	0	90	70
8	26	0	70	45
9	26	0	90	15
10	26	0	90	50
11	26	0	70	40
12	26	0	90	55
13	26	0	90	25
14	26	0	90	35
15	26	0	90	30
16	26	0	70	55
17	26	0	90	45
18	26	0	90	10
19	26	0	90	15
20	26	0	70	70
21	26	0	70	45
22	26	0	90	20
23	26	0	90	70
24	26	0	70	50
25	26	0	70	35
26	26	0	90	5
27	26	0	90	30
28	26	0	70	45
29	26	0	70	15
30	26	0	90	60
31	26	0	90	10
32	26	0	90	15
33	26	0	90	25
34	26	0	70	10
35	26	0	70	30
36	26	0	90	20
37	26	0	70	25
38	26	0	70	30
39	26	0	90	15
40	26	0	90	5
41	26	0	70	75
42	26	0	90	30
43	26	0	70	10
44	26	0	90	45
45	26	0	90	35
46	26	0	90	65
47	26	0	90	75
48	26	0	70	70
49	26	0	70	50
0	27	0	90	30
1	27	0	90	10
2	27	0	70	50
3	27	0	70	65
4	27	0	90	20
5	27	0	90	70
6	27	0	90	50
7	27	0	90	60
8	27	0	90	20
9	27	0	90	15
10	27	0	70	70
11	27	0	70	45
12	27	0	90	45
13	27	0	70	50
14	27	0	70	40
15	27	0	70	75
16	27	0	90	0
17	27	0	70	10
18	27	0	70	45
19	27	0	90	10
20	27	0	90	20
21	27	0	90	55
22	27	0	90	65
23	27	0	90	60
24	27	0	70	0
25	27	0	90	30
26	27	0	70	30
27	27	0	70	55
28	27	0	70	35
29	27	0	70	50
30	27	0	90	40
31	27	0	90	5
32	27	0	90	10
33	27	0	70	70
34	27	0	90	40
35	27	0	90	65
36	27	0	90	20
37	27	0	90	55
38	27	0	70	70
39	27	0	90	45
40	27	0	90	75
41	27	0	90	50
42	27	0	90	55
43	27	0	70	60
44	27	0	90	70
45	27	0	90	10
46	27	0	70	50
47	27	0	90	75
48	27	0	90	10
49	27	0	90	75
0	28	0	70	70
1	28	0	70	45
2	28	0	90	25
3	28	0	70	70
4	28	0	90	55
5	28	0	70	0
6	28	0	90	60
7	28	0	70	10
8	28	0	90	40
9	28	0	90	25
10	28	0	90	50
11	28	0	90	75
12	28	0	70	70
13	28	0	90	75
14	28	0	70	75
15	28	0	70	75
16	28	0	90	15
17	28	0	90	45
18	28	0	70	30
19	28	0	70	25
20	28	0	70	15
21	28	0	70	5
22	28	0	90	25
23	28	0	90	10
24	28	0	70	45
25	28	0	70	35
26	28	0	90	5
27	28	0	90	75
28	28	0	70	70
29	28	0	70	50
30	28	0	90	35
31	28	0	70	30
32	28	0	90	55
33	28	0	70	0
34	28	0	90	35
35	28	0	70	50
36	28	0	70	50
37	28	0	70	10
38	28	0	90	45
39	28	0	90	15
40	28	0	70	70
41	28	0	90	45
42	28	0	90	15
43	28	0	70	30
44	28	0	90	45
45	28	0	90	35
46	28	0	90	0
47	28	0	70	50
48	28	0	70	40
49	28	0	90	60
0	29	0	90	15
1	29	0	90	15
2	29	0	70	70
3	29	0	90	45
4	29	0	90	60
5	29	0	70	60
6	29	0	90	20
7	29	0	90	20
8	29	0	90	65
9	29	0	90	75
10	29	0	70	40
11	29	0	70	70
12	29	0	90	70
13	29	0	90	35
14	29	0	70	50
15	29	0	70	15
16	29	0	90	0
17	29	0	90	35
18	29	0	70	70
19	29	0	90	55
20	29	0	90	25
21	29	0	90	50
22	29	0	70	40
23	29	0	70	35
24	29	0	90	40
25	29	0	90	70
26	29	0	90	50
27	29	0	70	5
28	29	0	90	60
29	29	0	90	15
30	29	0	90	70
31	29	0	70	45
32	29	0	90	25
33	29	0	70	30
34	29	0	70	55
35	29	0	70	10
36	29	0	90	15
37	29	0	90	50
38	29	0	90	40
39	29	0	70	0
40	29	0	90	35
41	29	0	90	35
42	29	0	70	70
43	29	0	70	50
44	29	0	90	25
45	29	0	90	75
46	29	0	70	70
47	29	0	70	55
48	29	0	90	65
49	29	0	90	70
0	30	0	70	30
1	30	0	90	25
2	30	0	70	30
3	30	0	70	35
4	30	0	70	30
5	30	0	90	15
6	30	0	90	20
7	30	0	90	15
8	30	0	70	70
9	30	0	70	50
10	30	0	90	45
11	30	0	70	30
12	30	0	70	40
13	30	0	90	30
14	30	0	90	0
15	30	0	90	70
16	30	0	90	45
17	30	0	70	70
18	30	0	90	0
19	30	0	90	35
20	30	0	90	70
21	30	0	90	40
22	30	0	90	35
23	30	0	90	30
24	30	0	90	55
25	30	0	90	10
26	30	0	90	35
27	30	0	70	10
28	30	0	70	70
29	30	0	70	45
30	30	0	90	75
31	30	0	90	10
32	30	0	70	45
33	30	0	90	0
34	30	0	90	60
35	30	0	70	35
36	30	0	70	35
37	30	0	90	65
38	30	0	90	50
39	30	0	70	70
40	30	0	70	20
41	30	0	70	0
42	30	0	90	65
43	30	0	90	75
44	30	0	70	75
45	30	0	70	40
46	30	0	90	25
47	30	0	90	70
48	30	0	90	40
49	30	0	90	75
0	31	0	90	75
1	31	0	70	10
2	31	0	70	55
3	31	0	70	65
4	31	0	90	5
5	31	0	90	55
6	31	0	70	70
7	31	0	70	45
8	31	0	90	75
9	31	0	70	30
10	31	0	70	40
11	31	0	90	30
12	31	0	90	75
13	31	0	70	10
14	31	0	70	50
15	31	0	70	35
16	31	0	90	55
17	31	0	90	35
18	31	0	70	70
19	31	0	70	50
20	31	0	90	40
21	31	0	90	10
22	31	0	70	40
23	31	0	90	30
24	31	0	90	40
25	31	0	90	10
26	31	0	90	30
27	31	0	70	40
28	31	0	90	0
29	31	0	70	10
30	31	0	70	15
31	31	0	70	65
32	31	0	70	5
33	31	0	70	0
34	31	0	90	35
35	31	0	90	75
36	31	0	90	25
37	31	0	90	30
38	31	0	90	40
39	31	0	70	15
40	31	0	90	60
41	31	0	90	70
42	31	0	90	40
43	31	0	70	40
44	31	0	90	50
45	31	0	90	75
46	31	0	70	70
47	31	0	90	40
48	31	0	90	40
49	31	0	90	30
0	32	0	90	55
1	32	0	70	70
2	32	0	90	55
3	32	0	70	50
4	32	0	70	50
5	32	0	70	10
6	32	0	90	60
7	32	0	90	75
8	32	0	70	70
9	32	0	70	45
10	32	0	90	30
11	32	0	70	70
12	32	0	70	50
13	32	0	70	75
14	32	0	90	35
15	32	0	90	10
16	32	0	90	70
17	32	0	70	5
18	32	0	90	25
19	32	0	90	20
20	32	0	70	10
21	32	0	90	60
22	32	0	90	40
23	32	0	70	20
24	32	0	70	35
25	32	0	70	20
26	32	0	90	0
27	32	0	70	30
28	32	0	90	55
29	32	0	70	0
30	32	0	90	30
31	32	0	90	30
32	32	0	70	55
33	32	0	90	55
34	32	0	90	50
35	32	0	90	75
36	32	0	70	70
37	32	0	70	45
38	32	0	90	20
39	32	0	70	50
40	32	0	90	55
41	32	0	90	35
42	32	0	90	75
43	32	0	90	30
44	32	0	90	40
45	32	0	70	10
46	32	0	90	55
47	32	0	90	75
48	32	0	70	70
49	32	0	70	45
0	33	0	90	20
1	33	0	90	10
2	33	0	90	55
3	33	0	90	10
4	33	0	90	40
5	33	0	70	10
6	33	0	70	40
7	33	0	70	75
8	33	0	90	5
9	33	0	90	60
10	33	0	90	20
11	33	0	90	45
12	33	0	70	60
13	33	0	90	0
14	33	0	90	35
15	33	0	90	70
16	33	0	90	25
17	33	0	90	70
18	33	0	90	40
19	33	0	90	15
20	33	0	90	35
21	33	0	70	70
22	33	0	70	50
23	33	0	90	70
24	33	0	90	45
25	33	0	90	55
26	33	0	70	70
27	33	0	70	45
28	33	0	90	35
29	33	0	70	70
30	33	0	70	45
31	33	0	70	10
32	33	0	90	45
33	33	0	70	10
34	33	0	90	40
35	33	0	70	20
36	33	0	90	55
37	33	0	90	35
38	33	0	70	70
39	33	0	90	55
40	33	0	90	30
41	33	0	70	50
42	33	0	90	55
43	33	0	70	70
44	33	0	90	50
45	33	0	70	50
46	33	0	90	40
47	33	0	90	10
48	33	0	90	40
49	33	0	70	40
0	34	0	90	10
1	34	0	70	70
2	34	0	70	10
3	34	0	70	15
4	34	0	70	75
5	34	0	90	55
6	34	0	90	35
7	34	0	70	30
8	34	0	90	40
9	34	0	90	0
10	34	0	90	0
11	34	0	70	50
12	34	0	90	40
13	34	0	90	0
14	34	0	90	20
15	34	0	90	75
16	34	0	70	70
17	34	0	70	45
18	34	0	90	25
19	34	0	90	30
20	34	0	90	45
21	34	0	70	75
22	34	0	90	35
23	34	0	90	10
24	34	0	70	40
25	34	0	90	25
26	34	0	90	5
27	34	0	90	75
28	34	0	70	70
29	34	0	70	45
30	34	0	90	20
31	34	0	70	70
32	34	0	90	55
33	34	0	90	0
34	34	0	90	35
35	34	0	90	50
36	34	0	90	45
37	34	0	90	25
38	34	0	90	60
39	34	0	70	50
40	34	0	70	40
41	34	0	90	20
42	34	0	70	10
43	34	0	70	60
44	34	0	90	55
45	34	0	90	70
46	34	0	70	50
47	34	0	90	45
48	34	0	90	75
49	34	0	70	0
0	35	0	90	5
1	35	0	70	10
2	35	0	90	40
3	35	0	70	20
4	35	0	90	25
5	35	0	90	35
6	35	0	70	70
7	35	0	90	55
8	35	0	90	25
9	35	0	70	70
10	35	0	90	45
11	35	0	70	0
12	35	0	90	55
13	35	0	90	50
14	35	0	90	45
15	35	0	70	15
16	35	0	90	55
17	35	0	90	75
18	35	0	70	70
19	35	0	90	45
20	35	0	90	35
21	35	0	90	10
22	35	0	90	40
23	35	0	70	0
24	35	0	90	60
25	35	0	90	30
26	35	0	90	40
27	35	0	90	5
28	35	0	90	30
29	35	0	90	75
30	35	0	70	5
31	35	0	70	45
32	35	0	70	0
33	35	0	90	25
34	35	0	70	35
35	35	0	90	15
36	35	0	70	60
37	35	0	90	60
38	35	0	90	65
39	35	0	90	10
40	35	0	90	65
41	35	0	70	10
42	35	0	70	55
43	35	0	70	60
44	35	0	90	70
45	35	0	90	15
46	35	0	90	70
47	35	0	70	45
48	35	0	90	30
49	35	0	90	10
0	36	0	70	50
1	36	0	70	70
2	36	0	90	60
3	36	0	70	70
4	36	0	90	55
5	36	0	90	70
6	36	0	90	60
7	36	0	90	55
8	36	0	70	70
9	36	0	90	45
10	36	0	90	15
11	36	0	90	10
12	36	0	70	40
13	36	0	90	10
14	36	0	90	25
15	36	0	70	10
16	36	0	90	55
17	36	0	70	35
18	36	0	90	75
19	36	0	90	55
20	36	0	90	0
21	36	0	90	20
22	36	0	70	60
23	36	0	70	60
24	36	0	90	40
25	36	0	90	75
26	36	0	90	40
27	36	0	90	55
28	36	0	90	20
29	36	0	70	65
30	36	0	70	25
31	36	0	70	10
32	36	0	70	55
33	36	0	70	15
34	36	0	90	25
35	36	0	90	55
36	36	0	70	70
37	36	0	90	10
38	36	0	90	60
39	36	0	90	50
40	36	0	90	50
41	36	0	70	15
42	36	0	90	75
43	36	0	90	35
44	36	0	90	70
45	36	0	70	45
46	36	0	90	75
47	36	0	90	70
48	36	0	70	45
49	36	0	70	70
0	37	0	90	60
1	37	0	90	10
2	37	0	90	55
3	37	0	70	25
4	37	0	90	50
5	37	0	90	15
6	37	0	70	70
7	37	0	90	45
8	37	0	90	45
9	37	0	70	50
10	37	0	90	40
11	37	0	90	50
12	37	0	90	75
13	37	0	90	5
14	37	0	90	0
15	37	0	90	35
16	37	0	70	55
17	37	0	70	5
18	37	0	90	20
19	37	0	90	10
20	37	0	70	55
21	37	0	90	35
22	37	0	70	70
23	37	0	90	40
24	37	0	90	35
25	37	0	90	70
26	37	0	90	40
27	37	0	70	35
28	37	0	90	30
29	37	0	90	70
30	37	0	70	55
31	37	0	70	0
32	37	0	90	75
33	37	0	90	35
34	37	0	70	70
35	37	0	90	45
36	37	0	90	10
37	37	0	70	70
38	37	0	90	50
39	37	0	70	75
40	37	0	90	20
41	37	0	90	30
42	37	0	70	50
43	37	0	70	0
44	37	0	90	45
45	37	0	90	35
46	37	0	90	70
47	37	0	70	45
48	37	0	90	35
49	37	0	90	70
0	38	0	70	55
1	38	0	70	65
2	38	0	70	75
3	38	0	70	75
4	38	0	90	65
5	38	0	70	50
6	38	0	90	0
7	38	0	70	30
8	38	0	70	60
9	38	0	70	35
10	38	0	90	35
11	38	0	90	75
12	38	0	70	70
13	38	0	70	50
14	38	0	90	40
15	38	0	90	10
16	38	0	70	40
17	38	0	90	55
18	38	0	90	75
19	38	0	70	10
20	38	0	90	40
21	38	0	90	35
22	38	0	90	50
23	38	0	90	55
24	38	0	70	70
25	38	0	70	50
26	38	0	90	35
27	38	0	90	10
28	38	0	90	55
29	38	0	70	0
30	38	0	90	45
31	38	0	70	10
32	38	0	90	40
33	38	0	90	30
34	38	0	90	50
35	38	0	90	35
36	38	0	70	70
37	38	0	90	45
38	38	0	90	75
39	38	0	70	50
40	38	0	70	40
41	38	0	70	35
42	38	0	90	15
43	38	0	90	50
44	38	0	70	20
45	38	0	90	50
46	38	0	90	65
47	38	0	90	25
48	38	0	90	50
49	38	0	90	25
0	39	0	90	55
1	39	0	70	50
2	39	0	70	70
3	39	0	70	45
4	39	0	90	40
5	39	0	90	70
6	39	0	90	55
7	39	0	70	30
8	39	0	90	0
9	39	0	90	50
10	39	0	90	40
11	39	0	90	45
12	39	0	90	5
13	39	0	90	75
14	39	0	70	70
15	39	0	90	45
16	39	0	90	20
17	39	0	90	10
18	39	0	90	55
19	39	0	70	45
20	39	0	90	45
21	39	0	70	10
22	39	0	70	45
23	39	0	90	70
24	39	0	90	0
25	39	0	90	15
26	39	0	70	70
27	39	0	90	45
28	39	0	90	75
29	39	0	90	10
30	39	0	90	55
31	39	0	70	30
32	39	0	90	75
33	39	0	70	0
34	39	0	90	25
35	39	0	90	50
36	39	0	70	65
37	39	0	70	0
38	39	0	90	45
39	39	0	70	5
40	39	0	70	75
41	39	0	70	30
42	39	0	90	40
43	39	0	70	50
44	39	0	90	45
45	39	0	90	70
46	39	0	70	55
47	39	0	70	70
48	39	0	90	0
49	39	0	90	10
0	40	0	90	40
1	40	0	70	60
2	40	0	90	55
3	40	0	90	55
4	40	0	70	70
5	40	0	90	45
6	40	0	90	40
7	40	0	70	10
8	40	0	90	45
9	40	0	70	60
10	40	0	90	75
11	40	0	70	70
12	40	0	70	40
13	40	0	90	10
14	40	0	90	55
15	40	0	90	35
16	40	0	70	70
17	40	0	90	45
18	40	0	90	40
19	40	0	90	10
20	40	0	90	45
21	40	0	70	0
22	40	0	90	45
23	40	0	70	10
24	40	0	90	10
25	40	0	70	5
26	40	0	90	35
27	40	0	90	40
28	40	0	90	20
29	40	0	70	5
30	40	0	70	25
31	40	0	90	75
32	40	0	90	5
33	40	0	70	65
34	40	0	90	35
35	40	0	70	30
36	40	0	70	40
37	40	0	90	35
38	40	0	90	40
39	40	0	90	50
40	40	0	90	45
41	40	0	70	65
42	40	0	90	50
43	40	0	90	75
44	40	0	70	70
45	40	0	70	45
46	40	0	90	25
47	40	0	70	10
48	40	0	90	55
49	40	0	70	75
0	41	0	90	60
1	41	0	70	10
2	41	0	90	50
3	41	0	90	15
4	41	0	90	0
5	41	0	90	35
6	41	0	70	70
7	41	0	90	45
8	41	0	90	45
9	41	0	70	50
10	41	0	90	55
11	41	0	70	60
12	41	0	90	65
13	41	0	70	10
14	41	0	90	55
15	41	0	90	25
16	41	0	90	60
17	41	0	90	55
18	41	0	90	75
19	41	0	90	35
20	41	0	70	35
21	41	0	90	25
22	41	0	90	50
23	41	0	90	55
24	41	0	70	60
25	41	0	70	30
26	41	0	70	40
27	41	0	90	15
28	41	0	90	40
29	41	0	70	10
30	41	0	90	40
31	41	0	70	15
32	41	0	90	70
33	41	0	90	35
34	41	0	70	70
35	41	0	90	45
36	41	0	90	45
37	41	0	90	70
38	41	0	90	55
39	41	0	90	25
40	41	0	90	60
41	41	0	70	10
42	41	0	70	50
43	41	0	90	35
44	41	0	90	45
45	41	0	90	35
46	41	0	70	70
47	41	0	70	50
48	41	0	90	40
49	41	0	90	30
0	42	0	90	55
1	42	0	90	75
2	42	0	90	65
3	42	0	70	10
4	42	0	70	50
5	42	0	90	45
6	42	0	70	75
7	42	0	90	70
8	42	0	90	40
9	42	0	90	60
10	42	0	90	30
11	42	0	90	75
12	42	0	90	40
13	42	0	70	40
14	42	0	90	40
15	42	0	70	75
16	42	0	70	40
17	42	0	70	25
18	42	0	90	40
19	42	0	70	70
20	42	0	90	45
21	42	0	90	75
22	42	0	90	65
23	42	0	90	35
24	42	0	90	70
25	42	0	70	50
26	42	0	90	40
27	42	0	90	10
28	42	0	90	55
29	42	0	90	5
30	42	0	90	65
31	42	0	90	10
32	42	0	70	45
33	42	0	90	25
34	42	0	90	15
35	42	0	90	15
36	42	0	90	70
37	42	0	90	55
38	42	0	90	25
39	42	0	90	70
40	42	0	70	45
41	42	0	70	10
42	42	0	90	40
43	42	0	70	50
44	42	0	90	55
45	42	0	70	15
46	42	0	70	20
47	42	0	70	25
48	42	0	70	30
49	42	0	90	30
0	43	0	90	65
1	43	0	90	25
2	43	0	90	60
3	43	0	70	50
4	43	0	70	15
5	43	0	70	10
6	43	0	90	50
7	43	0	90	35
8	43	0	90	60
9	43	0	90	50
10	43	0	70	55
11	43	0	90	45
12	43	0	90	75
13	43	0	70	20
14	43	0	70	45
15	43	0	70	75
16	43	0	90	70
17	43	0	70	70
18	43	0	70	40
19	43	0	70	30
20	43	0	90	60
21	43	0	90	15
22	43	0	90	70
23	43	0	90	45
24	43	0	90	40
25	43	0	90	30
26	43	0	90	55
27	43	0	70	15
28	43	0	90	50
29	43	0	90	10
30	43	0	70	55
31	43	0	70	15
32	43	0	90	20
33	43	0	90	15
34	43	0	70	70
35	43	0	70	45
36	43	0	90	65
37	43	0	90	15
38	43	0	90	5
39	43	0	70	5
40	43	0	70	25
41	43	0	70	55
42	43	0	70	15
43	43	0	70	25
44	43	0	90	75
45	43	0	90	40
46	43	0	90	60
47	43	0	70	15
48	43	0	90	35
49	43	0	90	55
0	44	0	70	70
1	44	0	70	50
2	44	0	90	75
3	44	0	90	10
4	44	0	90	55
5	44	0	90	70
6	44	0	90	55
7	44	0	70	10
8	44	0	90	55
9	44	0	70	70
10	44	0	90	5
11	44	0	90	15
12	44	0	70	70
13	44	0	90	55
14	44	0	90	35
15	44	0	70	10
16	44	0	70	50
17	44	0	70	75
18	44	0	90	70
19	44	0	90	30
20	44	0	90	45
21	44	0	70	75
22	44	0	90	45
23	44	0	90	55
24	44	0	70	70
25	44	0	90	45
26	44	0	90	30
27	44	0	70	10
28	44	0	70	70
29	44	0	70	40
30	44	0	70	0
31	44	0	90	30
32	44	0	90	30
33	44	0	90	65
34	44	0	90	60
35	44	0	70	30
36	44	0	70	75
37	44	0	90	15
38	44	0	90	10
39	44	0	90	75
40	44	0	70	70
41	44	0	90	45
42	44	0	90	75
43	44	0	70	50
44	44	0	90	40
45	44	0	90	15
46	44	0	90	0
47	44	0	90	10
48	44	0	70	45
49	44	0	90	0
0	45	0	90	60
1	45	0	90	15
2	45	0	70	70
3	45	0	70	50
4	45	0	90	45
5	45	0	70	70
6	45	0	90	55
7	45	0	70	25
8	45	0	90	60
9	45	0	90	50
10	45	0	70	40
11	45	0	90	5
12	45	0	90	40
13	45	0	90	15
14	45	0	90	70
15	45	0	70	50
16	45	0	90	40
17	45	0	70	70
18	45	0	90	30
19	45	0	90	40
20	45	0	70	30
21	45	0	70	60
22	45	0	70	25
23	45	0	70	75
24	45	0	70	15
25	45	0	70	10
26	45	0	90	75
27	45	0	70	20
28	45	0	90	10
29	45	0	90	35
30	45	0	90	70
31	45	0	90	55
32	45	0	90	35
33	45	0	70	70
34	45	0	90	45
35	45	0	70	0
36	45	0	90	30
37	45	0	90	10
38	45	0	90	55
39	45	0	90	20
40	45	0	90	55
41	45	0	90	15
42	45	0	70	70
43	45	0	70	45
44	45	0	90	25
45	45	0	70	10
46	45	0	70	40
47	45	0	70	20
48	45	0	90	15
49	45	0	90	70
0	46	0	90	50
1	46	0	90	65
2	46	0	90	0
3	46	0	90	35
4	46	0	70	70
5	46	0	90	40
6	46	0	90	30
7	46	0	70	50
8	46	0	90	45
9	46	0	90	45
10	46	0	70	35
11	46	0	90	55
12	46	0	90	75
13	46	0	90	50
14	46	0	90	35
15	46	0	90	10
16	46	0	70	45
17	46	0	70	75
18	46	0	70	0
19	46	0	90	75
20	46	0	90	70
21	46	0	90	45
22	46	0	90	30
23	46	0	70	70
24	46	0	70	40
25	46	0	70	15
26	46	0	90	15
27	46	0	70	70
28	46	0	70	40
29	46	0	90	15
30	46	0	90	15
31	46	0	90	75
32	46	0	70	70
33	46	0	70	45
34	46	0	90	30
35	46	0	90	70
36	46	0	90	55
37	46	0	90	70
38	46	0	90	75
39	46	0	90	30
40	46	0	90	40
41	46	0	70	60
42	46	0	90	0
43	46	0	90	35
44	46	0	70	70
45	46	0	90	45
46	46	0	90	35
47	46	0	70	30
48	46	0	70	45
49	46	0	70	75
0	47	0	70	45
1	47	0	90	15
2	47	0	90	60
3	47	0	90	25
4	47	0	90	60
5	47	0	90	10
6	47	0	70	55
7	47	0	70	60
8	47	0	90	20
9	47	0	70	15
10	47	0	70	70
11	47	0	70	45
12	47	0	90	75
13	47	0	90	10
14	47	0	90	55
15	47	0	70	70
16	47	0	90	25
17	47	0	70	30
18	47	0	90	40
19	47	0	70	15
20	47	0	90	70
21	47	0	90	15
22	47	0	70	70
23	47	0	90	55
24	47	0	90	35
25	47	0	70	50
26	47	0	90	55
27	47	0	70	75
28	47	0	90	0
29	47	0	90	70
30	47	0	90	55
31	47	0	70	30
32	47	0	90	75
33	47	0	90	15
34	47	0	70	70
35	47	0	90	55
36	47	0	90	20
37	47	0	90	70
38	47	0	90	50
39	47	0	70	25
40	47	0	90	30
41	47	0	90	50
42	47	0	90	75
43	47	0	90	75
44	47	0	70	25
45	47	0	70	20
46	47	0	90	45
47	47	0	90	30
48	47	0	70	55
49	47	0	90	75
0	48	0	90	70
1	48	0	70	45
2	48	0	90	35
3	48	0	70	50
4	48	0	90	40
5	48	0	70	0
6	48	0	90	70
7	48	0	90	70
8	48	0	90	40
9	48	0	70	75
10	48	0	90	5
11	48	0	90	15
12	48	0	90	70
13	48	0	90	55
14	48	0	90	25
15	48	0	90	50
16	48	0	90	55
17	48	0	90	65
18	48	0	90	15
19	48	0	90	10
20	48	0	70	50
21	48	0	90	60
22	48	0	90	60
23	48	0	90	35
24	48	0	90	70
25	48	0	90	45
26	48	0	90	75
27	48	0	90	10
28	48	0	90	40
29	48	0	70	40
30	48	0	90	60
31	48	0	90	40
32	48	0	70	55
33	48	0	70	40
34	48	0	90	25
35	48	0	70	5
36	48	0	90	30
37	48	0	90	25
38	48	0	90	15
39	48	0	70	30
40	48	0	90	0
41	48	0	70	45
42	48	0	90	35
43	48	0	90	30
44	48	0	70	40
45	48	0	70	65
46	48	0	90	25
47	48	0	70	70
48	48	0	90	40
49	48	0	90	25
0	49	0	90	15
1	49	0	90	75
2	49	0	70	70
3	49	0	90	45
4	49	0	90	20
5	49	0	70	50
6	49	0	70	45
7	49	0	90	25
8	49	0	90	60
9	49	0	70	50
10	49	0	90	45
11	49	0	70	5
12	49	0	90	25
13	49	0	90	35
14	49	0	70	70
15	49	0	90	45
16	49	0	90	30
17	49	0	70	70
18	49	0	90	45
19	49	0	90	75
20	49	0	90	35
21	49	0	70	10
22	49	0	90	5
23	49	0	70	55
24	49	0	70	60
25	49	0	90	0
26	49	0	90	70
27	49	0	70	5
28	49	0	90	65
29	49	0	90	25
30	49	0	70	75
31	49	0	70	70
32	49	0	90	35
33	49	0	90	70
34	49	0	70	45
35	49	0	90	75
36	49	0	90	40
37	49	0	70	70
38	49	0	90	40
39	49	0	90	25
40	49	0	90	0
41	49	0	90	75
42	49	0	90	70
43	49	0	90	45
44	49	0	90	40
45	49	0	90	50
46	49	0	70	45
47	49	0	70	15
48	49	0	90	75
49	49	0	70	10
0	50	0	70	45
1	50	0	70	65
2	50	0	90	15
3	50	0	90	75
4	50	0	90	70
5	50	0	70	45
6	50	0	90	75
7	50	0	90	10
8	50	0	90	55
9	50	0	90	70
10	50	0	90	5
11	50	0	70	70
12	50	0	70	45
13	50	0	90	20
14	50	0	90	75
15	50	0	70	15
16	50	0	70	0
17	50	0	70	50
18	50	0	90	65
19	50	0	70	40
20	50	0	90	45
21	50	0	70	60
22	50	0	90	75
23	50	0	90	50
24	50	0	70	40
25	50	0	70	65
26	50	0	90	45
27	50	0	70	10
28	50	0	90	40
29	50	0	70	15
30	50	0	90	50
31	50	0	90	15
32	50	0	90	70
33	50	0	70	45
34	50	0	90	35
35	50	0	90	70
36	50	0	90	45
37	50	0	70	45
38	50	0	90	60
39	50	0	90	50
40	50	0	90	40
41	50	0	70	5
42	50	0	90	75
43	50	0	90	55
44	50	0	70	70
45	50	0	90	45
46	50	0	90	40
47	50	0	90	10
48	50	0	90	55
49	50	0	70	35
0	51	0	90	40
1	51	0	70	30
2	51	0	70	40
3	51	0	70	15
4	51	0	90	70
5	51	0	90	75
6	51	0	70	35
7	51	0	90	70
8	51	0	90	75
9	51	0	70	15
10	51	0	90	70
11	51	0	70	55
12	51	0	70	45
13	51	0	90	25
14	51	0	70	55
15	51	0	90	70
16	51	0	90	60
17	51	0	70	70
18	51	0	70	50
19	51	0	70	75
20	51	0	90	50
21	51	0	90	15
22	51	0	70	70
23	51	0	90	55
24	51	0	90	25
25	51	0	90	10
26	51	0	90	55
27	51	0	70	45
28	51	0	90	45
29	51	0	70	10
30	51	0	90	50
31	51	0	90	35
32	51	0	90	5
33	51	0	90	35
34	51	0	70	70
35	51	0	70	50
36	51	0	90	20
37	51	0	90	10
38	51	0	90	55
39	51	0	70	75
40	51	0	90	35
41	51	0	90	10
42	51	0	90	50
43	51	0	70	5
44	51	0	90	0
45	51	0	90	25
46	51	0	70	35
47	51	0	70	50
48	51	0	90	10
49	51	0	70	30
0	52	0	90	55
1	52	0	90	40
2	52	0	70	25
3	52	0	90	70
4	52	0	90	35
5	52	0	90	0
6	52	0	90	50
7	52	0	90	10
8	52	0	70	50
9	52	0	70	20
10	52	0	90	45
11	52	0	90	75
12	52	0	90	70
13	52	0	90	55
14	52	0	90	35
15	52	0	90	30
16	52	0	90	50
17	52	0	70	75
18	52	0	90	5
19	52	0	90	70
20	52	0	90	40
21	52	0	90	0
22	52	0	90	5
23	52	0	90	75
24	52	0	70	70
25	52	0	70	45
26	52	0	90	45
27	52	0	90	30
28	52	0	90	40
29	52	0	90	70
30	52	0	90	65
31	52	0	90	70
32	52	0	70	55
33	52	0	70	65
34	52	0	90	0
35	52	0	90	35
36	52	0	90	50
37	52	0	70	70
38	52	0	70	15
39	52	0	70	5
40	52	0	70	45
41	52	0	70	35
42	52	0	70	45
43	52	0	70	15
44	52	0	70	10
45	52	0	90	0
46	52	0	90	20
47	52	0	90	55
48	52	0	70	70
49	52	0	70	45
0	53	0	90	75
1	53	0	90	70
2	53	0	70	40
3	53	0	70	35
4	53	0	90	65
5	53	0	90	70
6	53	0	90	40
7	53	0	90	75
8	53	0	90	60
9	53	0	90	75
10	53	0	70	70
11	53	0	70	45
12	53	0	90	25
13	53	0	70	70
14	53	0	70	50
15	53	0	70	45
16	53	0	90	20
17	53	0	70	10
18	53	0	70	55
19	53	0	90	65
20	53	0	90	25
21	53	0	90	55
22	53	0	70	70
23	53	0	70	45
24	53	0	90	25
25	53	0	70	55
26	53	0	90	65
27	53	0	90	25
28	53	0	70	35
29	53	0	70	40
30	53	0	70	0
31	53	0	70	35
32	53	0	70	75
33	53	0	90	30
34	53	0	90	75
35	53	0	90	25
36	53	0	90	60
37	53	0	90	15
38	53	0	70	70
39	53	0	90	45
40	53	0	90	40
41	53	0	90	10
42	53	0	90	45
43	53	0	70	0
44	53	0	90	10
45	53	0	90	50
46	53	0	70	55
47	53	0	70	75
48	53	0	90	0
49	53	0	90	15
0	54	0	70	70
1	54	0	90	45
2	54	0	90	25
3	54	0	70	70
4	54	0	90	55
5	54	0	70	0
6	54	0	90	45
7	54	0	70	10
8	54	0	90	40
9	54	0	70	15
10	54	0	90	5
11	54	0	90	55
12	54	0	70	70
13	54	0	90	45
14	54	0	90	25
15	54	0	70	30
16	54	0	90	35
17	54	0	70	75
18	54	0	70	10
19	54	0	70	20
20	54	0	90	15
21	54	0	70	45
22	54	0	70	40
23	54	0	70	0
24	54	0	70	75
25	54	0	70	60
26	54	0	90	0
27	54	0	90	75
28	54	0	70	70
29	54	0	70	45
30	54	0	90	30
31	54	0	90	30
32	54	0	90	55
33	54	0	90	75
34	54	0	90	55
35	54	0	70	70
36	54	0	70	55
37	54	0	90	20
38	54	0	90	75
39	54	0	90	15
40	54	0	90	70
41	54	0	90	45
42	54	0	90	25
43	54	0	70	70
44	54	0	90	40
45	54	0	70	15
46	54	0	90	75
47	54	0	70	30
48	54	0	70	40
49	54	0	70	70
0	55	0	90	70
1	55	0	90	75
2	55	0	90	70
3	55	0	90	45
4	55	0	90	75
5	55	0	70	10
6	55	0	90	40
7	55	0	70	15
8	55	0	90	70
9	55	0	70	75
10	55	0	70	5
11	55	0	90	50
12	55	0	70	0
13	55	0	90	30
14	55	0	70	25
15	55	0	90	55
16	55	0	70	65
17	55	0	90	15
18	55	0	70	70
19	55	0	70	50
20	55	0	90	35
21	55	0	90	30
22	55	0	70	45
23	55	0	90	75
24	55	0	90	50
25	55	0	70	70
26	55	0	70	40
27	55	0	70	15
28	55	0	90	35
29	55	0	90	35
30	55	0	90	70
31	55	0	70	45
32	55	0	90	25
33	55	0	70	10
34	55	0	70	40
35	55	0	70	75
36	55	0	90	20
37	55	0	70	10
38	55	0	90	40
39	55	0	70	10
40	55	0	90	50
41	55	0	90	75
42	55	0	90	0
43	55	0	90	45
44	55	0	90	35
45	55	0	90	70
46	55	0	70	45
47	55	0	90	25
48	55	0	90	15
49	55	0	70	55
0	56	0	70	25
1	56	0	90	70
2	56	0	70	20
3	56	0	70	30
4	56	0	90	20
5	56	0	90	75
6	56	0	90	15
7	56	0	90	50
8	56	0	70	50
9	56	0	90	70
10	56	0	90	75
11	56	0	90	10
12	56	0	90	40
13	56	0	90	75
14	56	0	90	35
15	56	0	90	15
16	56	0	90	70
17	56	0	90	55
18	56	0	90	30
19	56	0	90	50
20	56	0	90	55
21	56	0	70	75
22	56	0	90	55
23	56	0	70	10
24	56	0	90	40
25	56	0	90	0
26	56	0	90	0
27	56	0	90	35
28	56	0	70	70
29	56	0	70	50
30	56	0	90	25
31	56	0	70	70
32	56	0	70	45
33	56	0	70	5
34	56	0	90	55
35	56	0	90	70
36	56	0	70	40
37	56	0	70	15
38	56	0	90	70
39	56	0	90	30
40	56	0	70	40
41	56	0	70	15
42	56	0	70	40
43	56	0	70	35
44	56	0	70	65
45	56	0	90	5
46	56	0	70	55
47	56	0	70	5
48	56	0	70	50
49	56	0	70	75
0	57	0	90	60
1	57	0	90	30
2	57	0	90	40
3	57	0	70	10
4	57	0	90	70
5	57	0	90	15
6	57	0	90	70
7	57	0	70	45
8	57	0	90	25
9	57	0	70	50
10	57	0	70	45
11	57	0	90	25
12	57	0	90	20
13	57	0	70	10
14	57	0	70	40
15	57	0	70	15
16	57	0	90	10
17	57	0	90	15
18	57	0	70	70
19	57	0	90	40
20	57	0	90	30
21	57	0	90	30
22	57	0	90	50
23	57	0	90	25
24	57	0	90	45
25	57	0	70	10
26	57	0	90	45
27	57	0	90	10
28	57	0	90	35
29	57	0	70	65
30	57	0	90	20
31	57	0	70	20
32	57	0	70	60
33	57	0	70	45
34	57	0	90	70
35	57	0	90	0
36	57	0	90	15
37	57	0	90	30
38	57	0	90	35
39	57	0	90	60
40	57	0	90	70
41	57	0	90	30
42	57	0	70	55
43	57	0	90	0
44	57	0	90	10
45	57	0	90	15
46	57	0	70	70
47	57	0	90	55
48	57	0	90	25
49	57	0	70	70
0	58	0	90	55
1	58	0	70	0
2	58	0	90	70
3	58	0	70	50
4	58	0	70	45
5	58	0	70	0
6	58	0	90	5
7	58	0	90	55
8	58	0	90	70
9	58	0	90	45
10	58	0	90	25
11	58	0	70	10
12	58	0	90	55
13	58	0	70	75
14	58	0	90	65
15	58	0	90	70
16	58	0	90	40
17	58	0	70	15
18	58	0	90	30
19	58	0	90	65
20	58	0	70	25
21	58	0	90	0
22	58	0	70	50
23	58	0	90	10
24	58	0	90	50
25	58	0	70	5
26	58	0	90	60
27	58	0	90	5
28	58	0	70	40
29	58	0	90	5
30	58	0	90	45
31	58	0	70	10
32	58	0	70	55
33	58	0	70	15
34	58	0	90	15
35	58	0	90	55
36	58	0	70	70
37	58	0	70	45
38	58	0	90	20
39	58	0	70	50
40	58	0	90	55
41	58	0	70	45
42	58	0	90	40
43	58	0	90	10
44	58	0	70	40
45	58	0	70	60
46	58	0	90	65
47	58	0	90	75
48	58	0	90	70
49	58	0	90	45
0	59	0	90	40
1	59	0	90	10
2	59	0	90	45
3	59	0	90	10
4	59	0	90	45
5	59	0	70	10
6	59	0	70	55
7	59	0	90	55
8	59	0	90	60
9	59	0	90	75
10	59	0	90	40
11	59	0	70	0
12	59	0	70	20
13	59	0	90	20
14	59	0	90	45
15	59	0	90	10
16	59	0	90	65
17	59	0	90	50
18	59	0	70	75
19	59	0	90	15
20	59	0	90	75
21	59	0	70	10
22	59	0	90	45
23	59	0	90	60
24	59	0	90	75
25	59	0	90	35
26	59	0	70	70
27	59	0	70	50
28	59	0	90	25
29	59	0	70	70
30	59	0	90	40
31	59	0	90	20
32	59	0	90	60
33	59	0	90	10
34	59	0	90	55
35	59	0	90	0
36	59	0	90	70
37	59	0	90	75
38	59	0	70	70
39	59	0	90	45
40	59	0	90	40
41	59	0	70	70
42	59	0	90	55
43	59	0	90	15
44	59	0	90	60
45	59	0	70	10
46	59	0	90	45
47	59	0	90	35
48	59	0	90	35
49	59	0	90	55
0	60	0	70	70
1	60	0	90	20
2	60	0	90	15
3	60	0	70	15
4	60	0	90	50
5	60	0	70	15
6	60	0	90	35
7	60	0	70	70
8	60	0	70	35
9	60	0	90	25
10	60	0	90	5
11	60	0	70	30
12	60	0	90	45
13	60	0	90	5
14	60	0	90	60
15	60	0	90	75
16	60	0	90	70
17	60	0	90	40
18	60	0	90	25
19	60	0	90	70
20	60	0	90	55
21	60	0	70	75
22	60	0	90	55
23	60	0	90	30
24	60	0	90	40
25	60	0	70	15
26	60	0	90	10
27	60	0	90	55
28	60	0	70	70
29	60	0	90	40
30	60	0	90	35
31	60	0	90	70
32	60	0	90	55
33	60	0	70	30
34	60	0	90	55
35	60	0	70	50
36	60	0	70	55
37	60	0	90	35
38	60	0	90	20
39	60	0	90	35
40	60	0	70	70
41	60	0	70	50
42	60	0	90	45
43	60	0	90	60
44	60	0	90	15
45	60	0	90	25
46	60	0	70	70
47	60	0	70	40
48	60	0	90	75
49	60	0	90	30
0	61	0	90	55
1	61	0	70	30
2	61	0	90	45
3	61	0	70	20
4	61	0	90	50
5	61	0	90	55
6	61	0	90	70
7	61	0	90	45
8	61	0	90	45
9	61	0	70	50
10	61	0	90	40
11	61	0	90	5
12	61	0	90	70
13	61	0	90	70
14	61	0	70	40
15	61	0	70	65
16	61	0	90	40
17	61	0	90	55
18	61	0	70	70
19	61	0	70	50
20	61	0	90	45
21	61	0	90	10
22	61	0	90	55
23	61	0	70	0
24	61	0	90	0
25	61	0	70	70
26	61	0	90	40
27	61	0	90	20
28	61	0	90	75
29	61	0	90	15
30	61	0	70	70
31	61	0	70	45
32	61	0	90	10
33	61	0	90	20
34	61	0	90	55
35	61	0	70	30
36	61	0	70	65
37	61	0	70	0
38	61	0	90	35
39	61	0	90	20
40	61	0	90	20
41	61	0	90	50
42	61	0	70	75
43	61	0	70	65
44	61	0	90	5
45	61	0	90	55
46	61	0	70	70
47	61	0	70	45
48	61	0	90	75
49	61	0	90	10
0	62	0	70	45
1	62	0	70	0
2	62	0	90	50
3	62	0	70	10
4	62	0	70	40
5	62	0	90	35
6	62	0	90	45
7	62	0	90	15
8	62	0	70	70
9	62	0	70	45
10	62	0	90	40
11	62	0	70	70
12	62	0	90	55
13	62	0	90	45
14	62	0	90	70
15	62	0	90	50
16	62	0	90	40
17	62	0	70	70
18	62	0	90	60
19	62	0	90	35
20	62	0	70	70
21	62	0	90	45
22	62	0	90	25
23	62	0	70	0
24	62	0	90	10
25	62	0	90	45
26	62	0	70	20
27	62	0	90	20
28	62	0	90	50
29	62	0	90	40
30	62	0	70	50
31	62	0	90	30
32	62	0	70	45
33	62	0	90	10
34	62	0	90	65
35	62	0	90	35
36	62	0	70	70
37	62	0	90	45
38	62	0	90	75
39	62	0	70	30
40	62	0	90	45
41	62	0	70	10
42	62	0	90	60
43	62	0	70	10
44	62	0	70	40
45	62	0	70	35
46	62	0	90	25
47	62	0	90	35
48	62	0	70	70
49	62	0	70	50
0	63	0	90	25
1	63	0	70	70
2	63	0	90	40
3	63	0	70	0
4	63	0	90	0
5	63	0	90	50
6	63	0	90	40
7	63	0	70	30
8	63	0	90	55
9	63	0	90	35
10	63	0	70	70
11	63	0	70	50
12	63	0	90	25
13	63	0	90	10
14	63	0	70	70
15	63	0	70	75
16	63	0	90	55
17	63	0	90	45
18	63	0	90	5
19	63	0	70	40
20	63	0	70	45
21	63	0	70	60
22	63	0	90	0
23	63	0	90	35
24	63	0	90	55
25	63	0	90	75
26	63	0	70	70
27	63	0	90	45
28	63	0	90	75
29	63	0	90	50
30	63	0	70	40
31	63	0	70	0
32	63	0	90	40
33	63	0	90	30
34	63	0	90	40
35	63	0	70	75
36	63	0	90	30
37	63	0	90	75
38	63	0	70	70
39	63	0	70	45
40	63	0	90	30
41	63	0	90	10
42	63	0	90	55
43	63	0	70	70
44	63	0	90	40
45	63	0	70	70
46	63	0	70	40
47	63	0	90	0
48	63	0	90	0
49	63	0	90	75
0	64	0	90	70
1	64	0	90	45
2	64	0	90	20
3	64	0	90	50
4	64	0	90	55
5	64	0	90	15
6	64	0	70	55
7	64	0	90	45
8	64	0	70	20
9	64	0	70	70
10	64	0	70	20
11	64	0	90	55
12	64	0	70	55
13	64	0	90	50
14	64	0	70	30
15	64	0	90	15
16	64	0	70	70
17	64	0	90	40
18	64	0	90	20
19	64	0	70	10
20	64	0	90	55
21	64	0	70	70
22	64	0	90	50
23	64	0	70	10
24	64	0	90	40
25	64	0	70	55
26	64	0	90	60
27	64	0	90	75
28	64	0	90	70
29	64	0	70	45
30	64	0	90	30
31	64	0	70	50
32	64	0	70	45
33	64	0	70	15
34	64	0	90	40
35	64	0	70	30
36	64	0	70	50
37	64	0	90	5
38	64	0	90	60
39	64	0	90	15
40	64	0	90	70
41	64	0	90	45
42	64	0	90	45
43	64	0	90	30
44	64	0	90	55
45	64	0	70	45
46	64	0	70	50
47	64	0	90	10
48	64	0	70	0
49	64	0	70	75
0	65	0	70	45
1	65	0	90	25
2	65	0	70	0
3	65	0	90	20
4	65	0	90	70
5	65	0	70	75
6	65	0	70	70
7	65	0	70	50
8	65	0	90	75
9	65	0	90	10
10	65	0	70	40
11	65	0	70	40
12	65	0	90	0
13	65	0	70	50
14	65	0	90	45
15	65	0	90	55
16	65	0	90	20
17	65	0	90	35
18	65	0	70	70
19	65	0	70	45
20	65	0	90	25
21	65	0	70	30
22	65	0	90	55
23	65	0	70	20
24	65	0	90	60
25	65	0	70	10
26	65	0	70	40
27	65	0	70	40
28	65	0	90	70
29	65	0	90	75
30	65	0	70	70
31	65	0	90	55
32	65	0	90	25
33	65	0	90	10
34	65	0	90	55
35	65	0	70	0
36	65	0	90	20
37	65	0	90	5
38	65	0	70	0
39	65	0	90	25
40	65	0	90	0
41	65	0	90	60
42	65	0	90	5
43	65	0	90	65
44	65	0	90	15
45	65	0	90	5
46	65	0	70	35
47	65	0	90	55
48	65	0	90	20
49	65	0	90	10
0	66	0	70	40
1	66	0	70	60
2	66	0	90	5
3	66	0	90	70
4	66	0	90	55
5	66	0	70	15
6	66	0	90	65
7	66	0	90	75
8	66	0	70	70
9	66	0	90	45
10	66	0	90	45
11	66	0	90	10
12	66	0	90	55
13	66	0	70	45
14	66	0	90	60
15	66	0	70	10
16	66	0	90	50
17	66	0	90	25
18	66	0	90	10
19	66	0	90	55
20	66	0	70	70
21	66	0	70	45
22	66	0	90	75
23	66	0	90	10
24	66	0	70	40
25	66	0	70	75
26	66	0	90	55
27	66	0	70	0
28	66	0	90	45
29	66	0	90	15
30	66	0	70	70
31	66	0	90	50
32	66	0	90	40
33	66	0	70	5
34	66	0	90	45
35	66	0	70	50
36	66	0	90	75
37	66	0	90	75
38	66	0	90	25
39	66	0	90	10
40	66	0	90	55
41	66	0	70	40
42	66	0	90	65
43	66	0	90	50
44	66	0	90	40
45	66	0	90	75
46	66	0	90	5
47	66	0	90	15
48	66	0	90	70
49	66	0	70	50
0	67	0	90	25
1	67	0	90	10
2	67	0	90	55
3	67	0	70	0
4	67	0	90	70
5	67	0	70	30
6	67	0	90	40
7	67	0	90	50
8	67	0	90	50
9	67	0	90	35
10	67	0	70	70
11	67	0	70	45
12	67	0	90	25
13	67	0	90	70
14	67	0	90	55
15	67	0	90	70
16	67	0	90	20
17	67	0	90	50
18	67	0	70	75
19	67	0	70	5
20	67	0	70	25
21	67	0	90	40
22	67	0	90	15
23	67	0	90	65
24	67	0	70	5
25	67	0	90	50
26	67	0	70	30
27	67	0	70	30
28	67	0	90	65
29	67	0	70	50
30	67	0	90	55
31	67	0	70	0
32	67	0	90	40
33	67	0	70	30
34	67	0	90	45
35	67	0	70	30
36	67	0	90	0
37	67	0	90	55
38	67	0	70	70
39	67	0	90	45
40	67	0	90	30
41	67	0	70	10
42	67	0	90	55
43	67	0	90	70
44	67	0	90	65
45	67	0	70	10
46	67	0	90	45
47	67	0	70	45
48	67	0	90	70
49	67	0	90	75
0	68	0	70	70
1	68	0	70	50
2	68	0	90	30
3	68	0	70	70
4	68	0	90	55
5	68	0	90	55
6	68	0	90	50
7	68	0	90	30
8	68	0	70	45
9	68	0	90	70
10	68	0	70	75
11	68	0	90	65
12	68	0	90	45
13	68	0	70	60
14	68	0	70	0
15	68	0	70	35
16	68	0	70	65
17	68	0	70	30
18	68	0	70	45
19	68	0	70	50
20	68	0	90	55
21	68	0	90	5
22	68	0	90	35
23	68	0	70	10
24	68	0	70	70
25	68	0	70	45
26	68	0	90	75
27	68	0	90	30
28	68	0	90	55
29	68	0	90	65
30	68	0	90	60
31	68	0	70	10
32	68	0	70	40
33	68	0	90	5
34	68	0	90	5
35	68	0	90	15
36	68	0	70	70
37	68	0	70	50
38	68	0	90	75
39	68	0	70	70
40	68	0	70	50
41	68	0	90	70
42	68	0	90	50
43	68	0	90	10
44	68	0	70	40
45	68	0	70	15
46	68	0	90	65
47	68	0	90	15
48	68	0	90	70
49	68	0	90	45
0	69	0	70	65
1	69	0	90	10
2	69	0	70	65
3	69	0	90	30
4	69	0	90	50
5	69	0	90	50
6	69	0	90	5
7	69	0	70	65
8	69	0	90	10
9	69	0	70	60
10	69	0	90	45
11	69	0	70	50
12	69	0	90	25
13	69	0	90	75
14	69	0	70	70
15	69	0	70	50
16	69	0	90	75
17	69	0	70	10
18	69	0	90	50
19	69	0	70	15
20	69	0	90	0
21	69	0	70	10
22	69	0	90	50
23	69	0	90	70
24	69	0	90	45
25	69	0	90	75
26	69	0	70	70
27	69	0	90	55
28	69	0	90	35
29	69	0	90	30
30	69	0	90	40
31	69	0	70	0
32	69	0	90	20
33	69	0	90	50
34	69	0	70	50
35	69	0	70	45
36	69	0	90	30
37	69	0	90	75
38	69	0	70	70
39	69	0	90	45
40	69	0	90	45
41	69	0	70	35
42	69	0	90	40
43	69	0	70	45
44	69	0	90	0
45	69	0	70	25
46	69	0	90	15
47	69	0	70	65
48	69	0	90	45
49	69	0	90	70
0	70	0	70	45
1	70	0	70	25
2	70	0	90	60
3	70	0	90	35
4	70	0	70	70
5	70	0	70	50
6	70	0	90	30
7	70	0	90	10
8	70	0	70	45
9	70	0	90	55
10	70	0	90	35
11	70	0	70	70
12	70	0	90	45
13	70	0	90	60
14	70	0	90	60
15	70	0	90	75
16	70	0	90	70
17	70	0	70	50
18	70	0	90	25
19	70	0	90	70
20	70	0	90	55
21	70	0	90	55
22	70	0	90	45
23	70	0	70	50
24	70	0	70	40
25	70	0	90	75
26	70	0	90	75
27	70	0	90	15
28	70	0	90	70
29	70	0	90	45
30	70	0	90	20
31	70	0	90	60
32	70	0	90	25
33	70	0	90	55
34	70	0	90	40
35	70	0	90	50
36	70	0	70	30
37	70	0	70	65
38	70	0	70	70
39	70	0	90	55
40	70	0	70	0
41	70	0	70	15
42	70	0	90	10
43	70	0	90	55
44	70	0	70	70
45	70	0	90	45
46	70	0	90	40
47	70	0	90	30
48	70	0	90	40
49	70	0	90	0
0	71	0	90	35
1	71	0	90	70
2	71	0	90	45
3	71	0	70	5
4	71	0	90	0
5	71	0	90	35
6	71	0	70	70
7	71	0	70	50
8	71	0	90	25
9	71	0	90	10
10	71	0	70	50
11	71	0	90	70
12	71	0	90	40
13	71	0	70	30
14	71	0	90	40
15	71	0	90	70
16	71	0	90	20
17	71	0	90	55
18	71	0	90	70
19	71	0	70	45
20	71	0	90	25
21	71	0	90	10
22	71	0	70	45
23	71	0	90	75
24	71	0	70	75
25	71	0	70	40
26	71	0	90	45
27	71	0	90	50
28	71	0	70	50
29	71	0	90	25
30	71	0	70	0
31	71	0	70	0
32	71	0	90	75
33	71	0	90	35
34	71	0	70	70
35	71	0	90	45
36	71	0	90	20
37	71	0	90	50
38	71	0	70	40
39	71	0	70	15
40	71	0	90	65
41	71	0	90	10
42	71	0	70	45
43	71	0	70	35
44	71	0	90	20
45	71	0	90	15
46	71	0	70	70
47	71	0	90	45
48	71	0	90	30
49	71	0	90	50
0	72	0	70	40
1	72	0	70	35
2	72	0	90	20
3	72	0	70	10
4	72	0	70	50
5	72	0	70	50
6	72	0	90	20
7	72	0	90	75
8	72	0	70	70
9	72	0	70	45
10	72	0	90	30
11	72	0	90	30
12	72	0	90	10
13	72	0	70	75
14	72	0	70	65
15	72	0	90	50
16	72	0	70	25
17	72	0	90	65
18	72	0	90	45
19	72	0	90	45
20	72	0	70	60
21	72	0	70	40
22	72	0	70	5
23	72	0	90	35
24	72	0	90	0
25	72	0	70	40
26	72	0	90	60
27	72	0	90	10
28	72	0	70	40
29	72	0	70	0
30	72	0	90	60
31	72	0	90	15
32	72	0	90	70
33	72	0	70	50
34	72	0	90	25
35	72	0	90	10
36	72	0	90	50
37	72	0	70	35
38	72	0	90	40
39	72	0	90	70
40	72	0	90	40
41	72	0	70	15
42	72	0	90	35
43	72	0	90	15
44	72	0	70	70
45	72	0	70	45
46	72	0	90	75
47	72	0	90	10
48	72	0	90	55
49	72	0	90	50
0	73	0	90	40
1	73	0	70	10
2	73	0	90	40
3	73	0	90	45
4	73	0	90	50
5	73	0	70	55
6	73	0	90	10
7	73	0	70	10
8	73	0	90	5
9	73	0	90	35
10	73	0	90	35
11	73	0	70	75
12	73	0	70	10
13	73	0	90	10
14	73	0	70	40
15	73	0	90	20
16	73	0	90	35
17	73	0	70	10
18	73	0	90	40
19	73	0	70	60
20	73	0	90	10
21	73	0	90	55
22	73	0	70	70
23	73	0	70	45
24	73	0	90	30
25	73	0	90	70
26	73	0	90	55
27	73	0	70	5
28	73	0	90	75
29	73	0	90	10
30	73	0	90	55
31	73	0	90	75
32	73	0	90	15
33	73	0	90	15
34	73	0	90	70
35	73	0	90	55
36	73	0	90	25
37	73	0	90	70
38	73	0	70	45
39	73	0	90	70
40	73	0	90	65
41	73	0	90	30
42	73	0	90	45
43	73	0	90	0
44	73	0	90	50
45	73	0	70	50
46	73	0	70	10
47	73	0	70	70
48	73	0	70	70
49	73	0	90	15
0	74	0	90	65
1	74	0	70	60
2	74	0	90	15
3	74	0	90	35
4	74	0	90	45
5	74	0	70	70
6	74	0	90	65
7	74	0	70	10
8	74	0	90	50
9	74	0	90	20
10	74	0	90	60
11	74	0	90	35
12	74	0	70	70
13	74	0	70	50
14	74	0	90	25
15	74	0	90	10
16	74	0	90	50
17	74	0	90	30
18	74	0	90	25
19	74	0	90	30
20	74	0	70	55
21	74	0	70	35
22	74	0	90	25
23	74	0	90	75
24	74	0	70	70
25	74	0	70	45
26	74	0	90	45
27	74	0	90	10
28	74	0	70	40
29	74	0	90	15
30	74	0	90	60
31	74	0	90	10
32	74	0	90	45
33	74	0	70	20
34	74	0	90	60
35	74	0	70	25
36	74	0	70	35
37	74	0	90	0
38	74	0	70	5
39	74	0	70	5
40	74	0	70	25
41	74	0	90	5
42	74	0	70	0
43	74	0	90	40
44	74	0	90	55
45	74	0	70	10
46	74	0	90	40
47	74	0	90	30
48	74	0	90	40
49	74	0	90	70
0	75	0	90	10
1	75	0	90	15
2	75	0	90	70
3	75	0	70	45
4	75	0	90	75
5	75	0	70	50
6	75	0	70	40
7	75	0	70	75
8	75	0	90	60
9	75	0	70	10
10	75	0	70	45
11	75	0	70	10
12	75	0	90	70
13	75	0	90	15
14	75	0	90	70
15	75	0	70	45
16	75	0	90	25
17	75	0	90	30
18	75	0	70	40
19	75	0	90	75
20	75	0	90	40
21	75	0	70	50
22	75	0	90	45
23	75	0	90	10
24	75	0	90	15
25	75	0	90	70
26	75	0	70	45
27	75	0	90	0
28	75	0	70	5
29	75	0	90	35
30	75	0	90	35
31	75	0	70	40
32	75	0	70	70
33	75	0	70	45
34	75	0	70	5
35	75	0	70	0
36	75	0	90	40
37	75	0	70	10
38	75	0	90	45
39	75	0	70	20
40	75	0	90	50
41	75	0	90	15
42	75	0	90	70
43	75	0	90	40
44	75	0	70	50
45	75	0	90	10
46	75	0	70	55
47	75	0	90	55
48	75	0	90	60
49	75	0	90	35
0	76	0	70	70
1	76	0	70	45
2	76	0	90	25
3	76	0	70	70
4	76	0	90	55
5	76	0	70	60
6	76	0	90	40
7	76	0	90	30
8	76	0	70	40
9	76	0	90	30
10	76	0	90	55
11	76	0	90	35
12	76	0	70	70
13	76	0	70	50
14	76	0	90	25
15	76	0	90	30
16	76	0	70	20
17	76	0	90	60
18	76	0	70	30
19	76	0	70	50
20	76	0	90	60
21	76	0	90	10
22	76	0	70	75
23	76	0	70	20
24	76	0	70	45
25	76	0	70	30
26	76	0	90	60
27	76	0	90	75
28	76	0	70	70
29	76	0	90	40
30	76	0	90	45
31	76	0	70	50
32	76	0	90	55
33	76	0	70	35
34	76	0	90	75
35	76	0	70	10
36	76	0	90	55
37	76	0	70	10
38	76	0	90	50
39	76	0	90	35
40	76	0	70	70
41	76	0	90	55
42	76	0	90	35
43	76	0	90	70
44	76	0	70	50
45	76	0	90	70
46	76	0	90	70
47	76	0	70	10
48	76	0	90	55
49	76	0	70	70
0	77	0	90	45
1	77	0	90	55
2	77	0	70	70
3	77	0	70	45
4	77	0	90	40
5	77	0	70	30
6	77	0	70	40
7	77	0	70	50
8	77	0	70	60
9	77	0	90	15
10	77	0	70	65
11	77	0	70	35
12	77	0	90	35
13	77	0	90	45
14	77	0	90	15
15	77	0	70	45
16	77	0	90	15
17	77	0	90	55
18	77	0	70	70
19	77	0	90	45
20	77	0	90	40
21	77	0	70	30
22	77	0	90	40
23	77	0	70	35
24	77	0	90	60
25	77	0	90	70
26	77	0	90	40
27	77	0	90	15
28	77	0	90	60
29	77	0	90	15
30	77	0	90	70
31	77	0	70	45
32	77	0	90	25
33	77	0	90	50
34	77	0	70	40
35	77	0	70	15
36	77	0	90	40
37	77	0	70	10
38	77	0	90	50
39	77	0	70	35
40	77	0	90	25
41	77	0	90	35
42	77	0	70	70
43	77	0	70	45
44	77	0	90	25
45	77	0	90	70
46	77	0	90	55
47	77	0	90	60
48	77	0	90	75
49	77	0	70	55
0	78	0	90	30
1	78	0	70	20
2	78	0	70	0
3	78	0	70	10
4	78	0	70	65
5	78	0	90	10
6	78	0	90	65
7	78	0	90	55
8	78	0	70	70
9	78	0	90	45
10	78	0	90	25
11	78	0	90	30
12	78	0	70	50
13	78	0	90	75
14	78	0	90	60
15	78	0	70	10
16	78	0	70	45
17	78	0	90	20
18	78	0	90	60
19	78	0	90	75
20	78	0	70	70
21	78	0	90	55
22	78	0	90	40
23	78	0	90	10
24	78	0	70	50
25	78	0	70	30
26	78	0	90	30
27	78	0	70	10
28	78	0	70	55
29	78	0	90	20
30	78	0	90	60
31	78	0	90	15
32	78	0	90	70
33	78	0	90	45
34	78	0	90	30
35	78	0	70	10
36	78	0	70	55
37	78	0	70	70
38	78	0	70	30
39	78	0	90	0
40	78	0	70	75
41	78	0	70	10
42	78	0	70	30
43	78	0	90	35
44	78	0	70	35
45	78	0	90	60
46	78	0	70	40
47	78	0	90	0
48	78	0	70	70
49	78	0	90	40
0	79	0	90	35
1	79	0	70	30
2	79	0	90	55
3	79	0	70	65
4	79	0	90	70
5	79	0	70	70
6	79	0	90	50
7	79	0	90	20
8	79	0	90	15
9	79	0	90	75
10	79	0	90	70
11	79	0	70	45
12	79	0	90	20
13	79	0	70	50
14	79	0	70	40
15	79	0	90	15
16	79	0	90	75
17	79	0	90	10
18	79	0	90	40
19	79	0	90	30
20	79	0	90	75
21	79	0	90	75
22	79	0	70	70
23	79	0	90	55
24	79	0	90	30
25	79	0	90	10
26	79	0	70	40
27	79	0	70	70
28	79	0	70	55
29	79	0	70	75
30	79	0	90	10
31	79	0	90	25
32	79	0	90	10
33	79	0	70	50
34	79	0	70	35
35	79	0	90	15
36	79	0	70	60
37	79	0	90	75
38	79	0	70	75
39	79	0	70	45
40	79	0	90	40
41	79	0	90	70
42	79	0	90	55
43	79	0	70	70
44	79	0	90	25
45	79	0	70	10
46	79	0	90	55
47	79	0	70	60
48	79	0	90	45
49	79	0	90	15
