37.72536057692307
12.943209134615385
5.078125
2.5691105769230727
1.4122596153846145
0.8263221153846145
0.49579326923077094
0.34555288461538547
0.24038461538461453
0.1352163461538436
0.12019230769231282
0.09765625
0.07512019230768718
0.03756009615384359
0.015024038461541878
0.022536057692312816
0.007512019230770939
0.007512019230770939
0.007512019230770939
0.007512019230770939
0.007512019230770939
0.007512019230770939
0.0
0.0
0.0
0.0
0.0
0.0
0.0
0.0
0.0
0.0
0.0
0.0
0.0
0.0
0.0
0.0
0.0
0.0
0.0
0.0
0.0
0.0
0.0
0.0
0.0
0.0
0.0
0.0
0.0
0.0
0.0
0.0
0.0
0.0
0.0
0.0
0.0
0.0
0.0
0.0
0.0
0.0
0.0
0.0
0.0
0.0
0.0
0.0
0.0
0.0
0.0
0.0
0.0
0.0
0.0
0.0
0.0
0.0
0.0
0.0
0.0
0.0
0.0
0.0
0.0
0.0
0.0
0.0
0.0
0.0
0.0
0.0
0.0
0.0
0.0
0.0
0.0
0.0
